0 2 88
0 5 96
0 15 75
0 16 -99
0 21 -62
0 23 -28
0 28 -43
0 31 14
0 47 84
0 48 -37
0 57 4
0 77 17
0 78 -28
0 82 69
1 10 -50
1 17 7
1 20 63
1 24 -22
1 27 100
1 31 -53
1 34 -82
1 37 -17
1 39 82
1 45 -73
1 51 61
1 52 -80
1 58 15
1 59 -45
1 64 11
1 66 -74
1 68 11
1 74 86
1 75 -69
1 77 -80
1 78 41
2 9 29
2 12 -13
2 20 -71
2 21 -5
2 24 -84
2 25 70
2 26 -96
2 28 55
2 34 48
2 36 -55
2 46 29
2 48 -63
2 50 -99
2 57 -55
2 61 37
2 65 -48
2 73 95
2 75 -36
2 76 39
2 78 -44
2 80 14
2 84 -1
2 86 -54
2 94 -1
2 95 98
3 32 37
3 34 -69
3 47 -25
3 53 80
3 56 70
3 67 43
3 68 -60
3 70 -13
3 71 55
3 72 52
3 74 21
3 77 -43
3 80 -64
3 81 49
3 83 88
3 84 69
3 85 52
3 95 24
3 98 -100
3 99 -88
4 10 -32
4 14 -31
4 15 88
4 16 -69
4 33 -57
4 34 83
4 56 12
4 58 4
4 60 59
4 63 62
4 64 84
4 68 49
4 72 100
4 74 -31
4 75 28
4 84 69
4 87 -45
4 90 -26
4 95 -19
5 13 75
5 19 -55
5 20 -88
5 22 -85
5 32 96
5 36 -85
5 45 5
5 46 56
5 47 37
5 50 57
5 66 -1
5 73 -81
5 74 72
5 77 -20
5 81 53
5 83 96
5 85 32
5 87 93
5 91 12
6 9 38
6 17 77
6 21 3
6 25 -42
6 37 -2
6 44 -71
6 52 -84
6 62 -14
6 63 -10
6 80 -2
6 82 74
6 83 96
6 87 33
6 94 -10
6 96 -6
7 9 -49
7 14 67
7 15 -32
7 19 -89
7 24 -20
7 26 -20
7 28 7
7 41 78
7 42 -65
7 47 21
7 53 18
7 55 -27
7 58 32
7 61 -13
7 67 -67
7 68 90
7 76 -76
7 77 -5
7 80 61
7 86 77
7 90 68
7 92 -92
7 96 26
7 98 29
7 99 49
8 14 -82
8 17 -7
8 19 44
8 20 86
8 21 -5
8 36 64
8 41 -81
8 45 20
8 49 10
8 56 19
8 59 94
8 67 1
8 69 -97
8 73 -42
8 79 -6
8 80 57
8 87 86
8 94 4
8 96 17
9 10 -52
9 13 5
9 16 49
9 33 81
9 35 41
9 36 20
9 37 -48
9 40 -31
9 49 22
9 52 60
9 55 33
9 61 98
9 65 -62
9 73 39
9 80 -37
9 84 -96
9 85 -61
9 89 -91
9 90 -88
9 94 47
10 13 58
10 21 90
10 22 -38
10 26 -21
10 34 8
10 37 -76
10 46 57
10 49 -22
10 57 47
10 64 -28
10 68 -82
10 77 29
10 81 -68
10 85 -48
10 87 -59
10 92 5
10 93 25
10 96 -75
10 97 1
11 13 -87
11 16 23
11 23 62
11 25 -74
11 30 42
11 36 52
11 51 27
11 52 -57
11 54 -89
11 62 -58
11 64 87
11 67 -18
11 71 -83
11 79 65
11 82 -18
11 86 78
11 90 38
11 92 65
11 94 -36
11 95 61
12 13 -60
12 20 -35
12 40 -70
12 41 -40
12 42 54
12 52 51
12 57 82
12 80 12
12 83 -63
12 86 -77
12 88 -38
12 95 -84
12 99 81
13 17 14
13 27 -98
13 29 -97
13 33 14
13 57 -66
13 61 51
13 64 68
13 68 -100
13 75 -12
13 86 -51
13 93 74
13 96 6
14 17 96
14 20 70
14 29 -51
14 30 2
14 31 -60
14 39 -27
14 53 -8
14 58 28
14 68 -52
14 71 71
14 74 -35
14 79 -5
14 80 -72
14 85 -78
14 87 21
14 89 76
14 95 82
14 97 -60
14 99 70
15 24 -2
15 32 92
15 39 82
15 52 30
15 55 65
15 74 28
15 83 -40
15 89 -30
15 91 60
15 92 -77
16 17 92
16 39 -99
16 40 -48
16 41 59
16 60 81
16 62 -19
16 64 -94
16 69 51
16 80 26
16 82 64
16 85 -53
16 86 82
16 90 52
16 91 63
16 93 -88
16 97 36
16 98 52
17 18 36
17 22 -12
17 23 87
17 24 -19
17 27 -94
17 28 43
17 33 -48
17 35 46
17 36 61
17 41 -25
17 42 -33
17 44 2
17 45 35
17 46 41
17 49 82
17 53 38
17 60 47
17 62 97
17 66 99
17 70 -25
17 73 -33
17 76 -29
17 82 -8
17 94 24
17 96 59
17 98 52
18 19 89
18 29 -14
18 32 20
18 35 79
18 36 0
18 42 45
18 44 28
18 47 12
18 50 -20
18 52 13
18 55 -48
18 65 20
18 76 -88
18 86 -60
19 31 -47
19 32 63
19 43 -66
19 50 -10
19 53 -42
19 57 -30
19 60 -46
19 69 -28
19 84 24
19 86 -49
19 90 92
19 95 -37
19 97 71
20 24 -72
20 26 -47
20 42 -61
20 51 -5
20 52 14
20 57 -98
20 62 -6
20 72 -58
20 80 2
20 82 -20
20 83 21
20 90 -30
21 32 20
21 36 63
21 42 18
21 50 -48
21 52 41
21 61 -49
21 69 76
21 72 -75
21 79 66
21 80 -11
21 98 58
22 30 44
22 32 -85
22 39 -48
22 41 65
22 47 -88
22 54 84
22 62 55
22 75 -5
22 77 -71
22 78 -1
22 96 43
23 28 -90
23 30 15
23 32 -5
23 34 -13
23 35 51
23 41 52
23 44 0
23 55 -97
23 60 -100
23 63 61
23 65 49
23 72 39
23 75 93
23 83 13
23 85 -95
23 89 48
24 25 63
24 28 10
24 29 -69
24 36 -61
24 44 1
24 50 -73
24 52 -77
24 73 32
24 76 14
24 82 -38
24 89 -30
24 94 94
24 98 70
24 99 -50
25 26 76
25 44 87
25 48 -89
25 55 12
25 56 71
25 57 61
25 61 90
25 64 71
25 70 10
25 71 -65
25 72 99
25 77 6
25 82 -66
25 86 -35
25 91 3
25 95 89
25 98 35
26 34 82
26 35 11
26 41 25
26 46 -99
26 50 -4
26 53 58
26 57 71
26 66 82
26 71 -44
26 72 35
26 76 86
26 79 10
26 80 -35
26 84 19
26 85 -31
26 89 -49
26 91 -28
27 29 58
27 36 -42
27 41 80
27 43 5
27 50 1
27 60 -78
27 65 -25
27 71 -62
27 74 0
27 79 1
27 80 -38
27 96 -68
28 30 99
28 32 48
28 34 -67
28 46 -74
28 48 -13
28 54 96
28 58 36
28 63 -76
28 64 67
28 70 -77
28 74 73
28 79 55
28 87 59
28 94 -95
28 95 92
29 34 66
29 37 -43
29 42 -77
29 53 61
29 54 -74
29 58 -19
29 60 -52
29 70 78
29 72 -71
29 73 -37
29 84 79
29 92 -37
29 93 59
30 35 68
30 39 79
30 40 -81
30 42 91
30 53 -3
30 56 68
30 62 37
30 65 74
30 69 -74
30 73 -62
30 74 -33
30 80 37
30 83 12
30 89 64
30 90 -92
31 36 31
31 40 42
31 45 6
31 46 -40
31 53 6
31 55 28
31 61 50
31 62 26
31 65 -76
31 75 20
31 80 46
31 95 5
31 98 -93
32 35 -65
32 38 -22
32 44 29
32 50 -95
32 51 24
32 52 87
32 54 66
32 61 16
32 70 -53
32 79 66
32 83 71
33 36 -12
33 40 -86
33 50 -14
33 53 72
33 55 -31
33 61 -72
33 67 85
33 70 61
33 71 -18
33 73 56
33 82 23
33 86 28
33 92 64
33 97 -5
34 42 56
34 82 42
34 85 92
34 87 -53
34 96 76
34 98 -38
34 99 55
35 36 -85
35 40 -5
35 45 -98
35 47 -36
35 49 -31
35 52 18
35 55 41
35 56 91
35 59 -1
35 60 40
35 69 -74
35 72 91
35 77 -8
35 86 8
35 92 -13
35 94 86
35 96 83
35 97 -88
35 99 58
36 45 71
36 56 78
36 66 95
36 67 91
36 73 94
36 74 98
36 79 -42
36 91 55
37 42 -7
37 46 -14
37 50 38
37 61 38
37 68 -38
37 69 75
37 80 24
37 89 -51
37 92 60
37 93 62
37 94 -98
37 95 -28
37 97 89
37 99 97
38 47 52
38 55 -71
38 58 67
38 60 15
38 64 55
38 67 -95
38 73 0
38 84 25
38 86 20
38 87 -86
38 93 -14
38 94 73
38 95 -46
38 96 -24
38 97 93
38 98 62
39 48 44
39 50 -2
39 51 -71
39 53 88
39 58 67
39 62 54
39 63 59
39 78 94
39 81 -8
39 84 78
39 86 -20
39 93 52
40 41 -53
40 45 -16
40 55 -60
40 70 24
40 77 2
40 80 9
40 85 -71
40 86 85
40 88 38
40 94 -40
40 98 74
41 45 64
41 51 70
41 63 15
41 64 -88
41 76 54
41 80 21
41 81 -29
41 85 74
41 88 -57
41 93 80
41 97 -65
41 99 78
42 43 -54
42 44 84
42 45 -63
42 46 15
42 47 -66
42 56 -16
42 62 47
42 70 34
42 73 -3
42 75 -25
42 78 -88
42 79 -35
42 84 -5
42 85 39
42 87 81
42 89 77
42 93 -93
42 98 35
43 46 -42
43 52 -90
43 53 29
43 56 55
43 61 71
43 67 67
43 69 54
43 70 -66
43 72 85
43 84 37
43 85 35
43 86 69
43 93 -8
44 45 91
44 46 64
44 54 -21
44 59 29
44 64 38
44 67 15
44 72 14
44 77 -83
44 78 99
44 89 -96
44 92 -55
44 99 1
45 49 81
45 55 -35
45 62 -68
45 67 51
45 69 9
45 76 -20
45 88 73
45 93 70
45 95 71
46 51 19
46 54 -53
46 58 66
46 62 -31
46 63 -79
46 64 77
46 66 86
46 67 15
46 77 -98
46 78 -96
46 82 -57
46 86 -20
46 87 -49
46 92 19
46 98 20
47 48 73
47 52 -30
47 55 9
47 56 58
47 61 9
47 67 60
47 78 50
47 93 6
48 52 -18
48 54 -39
48 67 99
48 79 25
48 96 92
48 98 82
49 53 39
49 54 -19
49 57 21
49 73 -14
49 75 30
49 78 -55
49 81 65
49 88 -8
49 97 -2
50 53 7
50 57 33
50 60 33
50 62 -58
50 66 51
50 67 -14
50 68 -57
50 78 -44
50 94 -51
51 52 -49
51 57 -50
51 58 18
51 63 68
51 64 41
51 65 -14
51 67 39
51 77 72
51 79 -80
51 81 84
51 83 -42
51 89 79
51 93 34
51 95 -58
51 96 65
51 99 -4
52 58 -92
52 61 -87
52 71 66
52 75 -48
52 79 13
52 80 5
52 91 -3
53 56 -27
53 57 51
53 59 88
53 62 44
53 65 64
53 78 -79
53 84 8
53 85 39
53 93 81
53 96 57
54 63 42
54 68 -78
54 90 -60
54 91 2
55 64 -35
55 75 -43
55 78 -20
55 81 11
55 82 25
55 86 85
55 87 86
55 88 -89
55 92 -97
55 94 9
55 95 3
55 96 88
55 97 8
55 98 69
56 66 43
56 72 50
56 74 35
56 80 -64
56 81 64
56 86 4
56 91 40
56 97 37
56 98 78
56 99 58
57 62 -37
57 65 90
57 75 -65
57 77 89
57 93 -35
57 95 60
57 98 55
58 71 -2
58 74 85
58 77 89
58 78 90
58 88 -63
58 95 -73
58 99 66
59 62 30
59 66 7
59 70 -27
59 79 2
59 80 55
59 83 84
59 87 40
60 61 -92
60 70 29
60 81 -17
60 88 11
60 89 28
61 70 -69
61 84 45
61 89 76
61 92 91
61 95 34
61 98 -58
62 64 82
62 66 -77
62 69 -69
62 71 -81
62 95 -79
62 98 23
63 68 64
63 70 -44
63 73 23
63 84 -93
63 85 -23
63 88 91
63 89 -46
63 94 58
63 98 83
64 67 -72
64 68 -48
64 69 29
64 76 4
64 77 89
64 96 -48
64 98 -24
65 73 77
65 74 -51
65 94 54
66 68 47
66 69 -42
66 83 -31
66 86 -79
66 90 51
66 98 -13
67 69 81
67 74 80
67 75 -17
67 93 41
67 99 98
68 71 -72
68 72 97
68 76 -12
68 85 -51
68 99 -65
69 70 35
69 71 42
69 77 -55
69 78 -8
69 79 -25
69 85 15
69 98 2
70 72 -96
70 81 -27
70 82 -19
70 88 -49
70 91 56
71 79 -41
71 89 -18
71 96 28
71 99 33
72 76 27
72 81 -45
72 84 91
72 85 25
72 95 5
72 96 -56
72 97 -81
73 78 12
73 83 -65
73 85 -74
73 90 -15
73 92 -91
74 78 -57
74 79 34
74 83 12
75 93 -23
75 95 -58
75 96 -61
76 77 9
76 78 -79
76 82 -63
76 89 -56
76 93 1
76 98 -50
77 79 -5
77 99 10
78 86 85
78 88 82
78 89 -26
78 92 25
78 95 66
78 98 98
79 86 -5
79 87 -40
79 91 81
79 93 80
79 94 45
79 95 -97
80 89 -87
80 95 42
81 85 -26
81 93 55
81 94 24
82 88 93
82 89 -74
82 92 -20
82 94 88
82 99 19
83 85 32
83 88 -25
83 89 -2
83 91 -1
83 96 -53
84 85 37
84 86 50
84 91 -25
84 93 78
84 95 30
84 99 99
85 86 24
85 94 88
85 96 10
85 98 72
86 94 -31
86 96 -10
87 94 42
88 96 -76
88 98 -97
89 90 98
89 91 -72
89 92 17
90 93 -61
90 94 88
90 99 18
91 93 78
91 94 -9
91 97 -67
91 99 45
92 94 15
92 95 -37
92 97 -96
93 94 -20
94 96 41
95 98 16
98 99 -74
