0 3 91
0 4 -30
0 5 29
0 22 -51
0 23 88
0 25 -89
0 30 25
0 32 100
0 34 99
0 37 22
0 45 -64
0 48 -32
0 56 -28
0 61 26
0 66 -39
0 68 76
0 71 -23
0 80 57
0 83 27
0 86 -72
0 89 -45
0 93 -97
0 95 -26
0 96 61
0 98 75
0 99 46
1 3 -56
1 4 58
1 12 -14
1 14 53
1 17 -31
1 18 33
1 21 67
1 22 69
1 25 -28
1 30 -86
1 31 63
1 37 73
1 39 3
1 40 8
1 46 -89
1 47 -5
1 51 -55
1 55 100
1 56 -54
1 64 -61
1 66 15
1 73 -24
1 75 -78
1 80 20
1 82 8
1 85 -57
1 86 -49
1 89 20
1 93 -72
1 95 -67
2 8 -27
2 11 -43
2 14 -82
2 17 45
2 20 41
2 22 15
2 25 -45
2 29 64
2 32 -12
2 37 -58
2 41 -37
2 46 99
2 50 -74
2 52 34
2 53 -76
2 58 -22
2 62 33
2 64 55
2 65 4
2 66 85
2 68 99
2 69 90
2 71 -43
2 72 -11
2 73 -89
2 75 -64
2 82 -1
2 86 63
2 87 51
2 93 90
2 96 18
3 5 -74
3 14 95
3 17 12
3 23 75
3 25 93
3 26 39
3 27 -47
3 34 83
3 36 -45
3 38 55
3 39 2
3 42 54
3 47 16
3 51 -9
3 55 -35
3 57 12
3 64 -51
3 65 4
3 66 94
3 69 52
3 71 62
3 84 -44
3 89 13
3 95 72
3 97 90
4 5 -79
4 8 10
4 9 51
4 12 -10
4 15 94
4 17 70
4 19 14
4 28 55
4 32 89
4 35 -52
4 36 -8
4 39 -45
4 43 52
4 45 49
4 62 -42
4 65 -98
4 68 -10
4 71 -26
4 76 84
4 81 45
4 82 -63
4 84 -75
4 93 49
4 95 17
5 10 -88
5 11 75
5 17 80
5 20 81
5 26 -2
5 28 66
5 30 -19
5 34 -2
5 38 43
5 45 24
5 46 100
5 48 -56
5 49 -26
5 57 9
5 63 74
5 64 38
5 66 -29
5 70 -66
5 71 16
5 73 -48
5 75 48
5 79 68
5 81 -72
5 88 23
5 95 14
5 96 6
5 97 79
5 98 56
6 8 64
6 9 46
6 14 2
6 15 -88
6 16 -1
6 17 46
6 18 -15
6 19 -69
6 20 -6
6 21 -20
6 22 -26
6 24 -19
6 26 81
6 28 17
6 32 -20
6 37 64
6 41 -20
6 42 74
6 53 55
6 59 -72
6 61 81
6 62 -6
6 66 -39
6 75 1
6 78 -80
6 81 90
6 84 57
6 97 54
7 8 95
7 9 -44
7 11 -78
7 14 91
7 17 22
7 19 2
7 24 26
7 27 16
7 29 51
7 30 24
7 32 -95
7 33 96
7 38 -87
7 50 65
7 51 -78
7 53 48
7 57 -28
7 63 -31
7 65 -4
7 68 8
7 70 69
7 73 35
7 79 -57
7 84 -36
7 85 -71
7 86 47
7 89 -73
7 90 -66
7 97 32
7 98 -16
8 14 -52
8 16 -23
8 17 68
8 25 80
8 26 3
8 27 -78
8 28 -80
8 30 -80
8 33 -25
8 36 -71
8 40 -44
8 42 -61
8 44 -5
8 48 33
8 49 -50
8 50 -96
8 54 -3
8 57 -7
8 60 9
8 70 -78
8 79 84
8 80 -28
8 81 58
8 91 -49
9 14 76
9 15 32
9 20 90
9 22 -32
9 28 -46
9 30 -81
9 33 -58
9 34 46
9 39 -77
9 41 44
9 42 27
9 58 3
9 59 -47
9 61 -22
9 66 11
9 69 28
9 70 -6
9 73 32
9 74 97
9 77 -99
9 78 -72
9 85 -30
9 91 90
9 98 46
9 99 -27
10 13 5
10 19 73
10 22 30
10 34 -65
10 37 83
10 47 6
10 51 -53
10 52 -13
10 53 -81
10 58 -46
10 65 36
10 68 -10
10 70 -13
10 73 -4
10 74 70
10 79 18
10 87 19
10 89 19
10 96 16
10 98 92
11 12 -19
11 13 -84
11 15 -2
11 17 -18
11 20 96
11 24 -50
11 28 -41
11 29 -27
11 30 31
11 31 -99
11 36 -36
11 40 63
11 48 45
11 51 -67
11 55 -60
11 60 48
11 64 75
11 65 34
11 73 39
11 74 81
11 79 90
11 85 -58
11 90 -67
11 98 -68
12 17 22
12 32 36
12 33 58
12 34 -62
12 36 99
12 39 -76
12 44 -17
12 46 25
12 51 -10
12 54 -73
12 57 -97
12 61 37
12 62 -15
12 64 -37
12 69 -42
12 72 -94
12 73 -74
12 78 17
12 83 16
12 84 62
12 90 -27
12 96 -37
12 97 -7
13 14 -75
13 15 -81
13 20 -12
13 22 -69
13 23 -35
13 25 24
13 29 -10
13 39 85
13 51 53
13 53 97
13 56 -36
13 58 94
13 65 60
13 77 99
13 78 -1
13 80 -40
13 83 -17
13 84 100
13 88 19
13 93 40
13 95 -52
13 96 -81
13 98 -81
13 99 39
14 19 53
14 20 30
14 23 -51
14 34 93
14 37 -43
14 40 -66
14 49 7
14 52 -76
14 54 49
14 58 -56
14 61 -21
14 64 47
14 65 -67
14 67 -9
14 71 68
14 72 70
14 75 11
14 77 -66
14 79 -41
14 80 71
14 81 -42
14 86 7
14 90 -35
15 18 78
15 22 -18
15 37 11
15 41 -41
15 43 46
15 44 -31
15 46 -57
15 52 -49
15 55 -21
15 57 -22
15 58 -46
15 61 87
15 69 47
15 70 -36
15 71 30
15 73 34
15 75 -51
15 76 5
15 84 43
15 88 52
15 90 53
15 93 56
15 96 -85
15 98 46
16 17 87
16 18 -49
16 23 -53
16 24 -25
16 28 -32
16 30 39
16 31 -96
16 33 -43
16 34 -2
16 41 -98
16 47 53
16 56 -39
16 67 -16
16 68 95
16 70 73
16 71 -21
16 81 -61
16 87 82
16 90 4
16 92 51
16 93 85
16 98 -99
17 21 -34
17 22 -30
17 23 82
17 25 54
17 33 -96
17 34 -46
17 38 64
17 39 -89
17 40 -1
17 41 25
17 46 -96
17 51 57
17 59 -77
17 61 28
17 63 -36
17 66 74
17 67 37
17 68 -56
17 70 -89
17 73 -81
17 77 -25
17 78 40
17 79 -63
17 81 -65
17 87 -27
17 92 31
17 97 18
17 98 70
18 26 -98
18 29 -28
18 32 -81
18 33 -97
18 34 84
18 36 -27
18 41 22
18 43 -97
18 52 -33
18 53 69
18 58 -12
18 59 81
18 60 52
18 65 11
18 74 -92
18 77 -29
18 79 -58
18 82 -24
18 93 -63
18 94 -79
18 97 86
18 98 -22
19 20 -35
19 24 28
19 25 63
19 35 -100
19 37 0
19 44 39
19 46 -92
19 51 29
19 53 11
19 56 -41
19 60 100
19 72 -55
19 73 93
19 74 -82
19 75 70
19 76 93
19 78 -38
19 79 -92
19 93 51
19 94 -61
20 30 76
20 32 79
20 34 42
20 37 -12
20 38 51
20 42 76
20 45 -53
20 49 87
20 57 99
20 59 17
20 60 78
20 66 -54
20 69 -78
20 77 10
20 81 -43
20 83 3
20 88 38
21 22 -27
21 34 -30
21 36 39
21 40 -17
21 41 56
21 44 32
21 46 -10
21 48 93
21 49 -49
21 50 15
21 51 -92
21 52 -49
21 53 25
21 55 -97
21 63 85
21 65 -18
21 67 -23
21 68 -28
21 72 -7
21 79 -67
21 80 82
21 89 -72
21 93 34
21 95 -43
21 96 99
21 97 -52
21 98 -75
22 24 26
22 30 81
22 31 -17
22 32 -61
22 35 11
22 36 -49
22 37 75
22 44 -22
22 51 -11
22 56 18
22 60 -34
22 63 53
22 67 24
22 69 17
22 70 -11
22 77 -89
22 84 94
22 85 35
22 87 -60
22 90 1
22 92 70
22 93 61
23 31 -79
23 32 20
23 33 19
23 34 -26
23 38 -37
23 39 -36
23 40 -50
23 41 68
23 43 -20
23 47 -53
23 53 63
23 54 35
23 60 12
23 64 62
23 71 33
23 76 -22
23 84 -24
23 85 51
23 86 -38
23 88 -38
23 90 82
23 92 73
23 95 86
23 97 -61
24 25 59
24 26 -11
24 27 36
24 28 13
24 38 46
24 40 75
24 43 59
24 45 72
24 49 -98
24 51 81
24 58 57
24 59 -62
24 61 21
24 65 28
24 77 2
24 78 34
24 81 30
24 83 -73
24 84 69
24 88 -63
24 89 13
24 95 -85
24 96 -97
24 97 -82
24 98 67
25 29 53
25 31 32
25 36 70
25 39 35
25 41 -75
25 49 53
25 51 76
25 56 -1
25 64 69
25 65 -12
25 69 19
25 78 5
25 86 94
25 88 28
25 89 -84
25 98 -100
26 27 -59
26 29 -22
26 35 69
26 36 -89
26 38 74
26 39 76
26 40 -40
26 41 1
26 42 -11
26 45 -88
26 48 -82
26 49 -32
26 51 81
26 53 22
26 55 -91
26 58 73
26 61 68
26 69 93
26 74 -73
26 76 53
26 81 39
26 82 -34
26 86 1
26 94 15
26 95 46
27 29 -18
27 31 -99
27 33 -46
27 34 -99
27 37 -85
27 38 -6
27 41 -17
27 47 -98
27 50 97
27 55 51
27 57 24
27 59 70
27 62 -20
27 67 -18
27 68 19
27 73 25
27 75 -79
27 83 -90
27 89 -93
27 90 98
27 91 -32
27 94 94
27 95 -53
27 96 17
28 34 -46
28 35 36
28 37 44
28 42 79
28 43 73
28 44 -8
28 45 57
28 46 69
28 49 90
28 50 -50
28 51 6
28 52 -7
28 57 -47
28 58 84
28 59 -85
28 60 -11
28 63 9
28 64 97
28 75 60
28 76 -34
28 78 -38
28 81 76
28 82 78
28 93 87
28 94 74
28 98 52
28 99 18
29 32 39
29 36 -96
29 37 -27
29 39 -67
29 41 -78
29 47 30
29 53 -67
29 54 86
29 56 78
29 57 -54
29 68 46
29 72 35
29 76 -21
29 77 -55
29 81 41
29 82 -13
29 86 86
29 92 -16
29 98 23
30 40 -78
30 49 46
30 53 -94
30 54 -11
30 57 50
30 61 21
30 62 -23
30 65 -29
30 66 -82
30 68 70
30 71 -24
30 74 53
30 75 88
30 76 -20
30 80 70
30 84 -54
30 90 -39
30 91 24
30 94 32
30 97 23
30 98 -11
31 32 -31
31 33 -13
31 37 4
31 39 -61
31 40 35
31 44 89
31 62 -100
31 65 86
31 67 95
31 71 -77
31 78 -57
31 87 -92
31 88 12
31 89 72
31 95 88
31 97 33
32 33 29
32 40 96
32 43 -17
32 44 -86
32 51 60
32 52 -42
32 56 59
32 57 12
32 59 63
32 64 89
32 67 19
32 69 -91
32 71 -64
32 73 -8
32 75 32
32 76 64
32 80 82
32 85 -26
32 88 44
32 89 19
32 95 -93
32 96 -29
32 97 -80
33 36 -19
33 39 -18
33 57 -100
33 64 -77
33 65 -95
33 67 2
33 69 70
33 70 -49
33 73 93
33 77 -97
33 80 -28
33 81 -54
33 84 -88
33 85 6
33 87 -53
33 88 -1
33 89 -2
33 95 -48
33 98 -4
34 35 68
34 45 67
34 47 45
34 49 -15
34 60 4
34 64 -87
34 65 -74
34 69 -95
34 70 97
34 71 97
34 78 -42
34 79 59
34 84 52
34 85 15
34 87 -21
34 89 -18
34 90 -24
34 91 -23
34 92 -7
34 96 -20
35 36 -8
35 44 4
35 45 -53
35 48 -71
35 53 -23
35 56 61
35 65 -95
35 66 -87
35 67 -16
35 68 88
35 75 80
35 79 -10
35 89 -42
35 90 -78
35 93 -42
36 38 -74
36 49 65
36 50 34
36 58 -51
36 64 -59
36 66 20
36 69 46
36 70 29
36 71 66
36 74 -83
36 76 57
36 77 -51
36 82 -35
36 83 -63
36 84 -73
36 89 64
36 90 46
36 92 71
37 39 79
37 47 -88
37 49 -78
37 56 -47
37 60 52
37 61 -100
37 63 99
37 65 63
37 66 5
37 68 48
37 71 84
37 73 43
37 78 -98
37 81 -4
37 90 12
37 92 -99
37 95 -23
37 96 55
37 97 -51
37 98 68
38 39 -22
38 43 96
38 46 -28
38 53 -32
38 56 55
38 59 82
38 63 95
38 69 -27
38 73 99
38 75 -98
38 79 -89
38 88 41
38 99 18
39 42 93
39 46 0
39 49 59
39 54 32
39 59 -4
39 63 7
39 66 4
39 67 38
39 69 -31
39 72 -12
39 74 59
39 81 67
39 83 47
39 90 -31
39 91 7
39 94 -95
39 95 99
39 98 27
40 42 -59
40 43 41
40 47 -20
40 49 -59
40 51 64
40 56 -30
40 63 -29
40 68 95
40 72 53
40 74 29
40 75 41
40 78 93
40 84 -54
40 94 -68
40 95 90
40 98 4
40 99 78
41 42 -8
41 44 40
41 55 53
41 57 -75
41 59 -93
41 60 -17
41 64 -77
41 66 -23
41 80 11
41 88 -34
41 93 17
42 44 -85
42 45 -54
42 49 -27
42 52 83
42 55 -70
42 58 -9
42 60 42
42 66 6
42 68 82
42 71 60
42 72 -6
42 74 -26
42 77 8
42 79 16
42 82 -1
42 85 -19
42 91 79
42 93 -36
42 94 -24
42 96 -25
42 97 -46
42 98 59
43 45 -15
43 49 52
43 53 97
43 54 75
43 55 89
43 57 -42
43 58 34
43 64 56
43 71 54
43 74 30
43 75 20
43 82 99
43 93 -62
43 96 -62
43 99 82
44 46 -43
44 48 96
44 51 77
44 55 89
44 57 56
44 58 7
44 59 -39
44 60 -71
44 74 -95
44 77 -8
44 83 53
44 86 3
44 92 -69
44 98 -29
45 46 -86
45 48 -71
45 51 37
45 52 63
45 61 -93
45 65 -19
45 67 -82
45 69 28
45 77 31
45 79 45
45 82 100
45 84 -82
45 87 -35
45 88 -48
45 89 -67
45 90 1
45 91 -6
45 94 -92
45 95 -2
46 48 59
46 51 81
46 52 41
46 56 -69
46 61 13
46 62 -18
46 66 -91
46 69 61
46 70 62
46 73 -33
46 75 -44
46 80 -100
46 81 -1
46 83 80
46 84 84
46 87 13
46 90 -16
46 96 73
46 99 -65
47 59 55
47 60 71
47 61 -9
47 64 4
47 67 -54
47 68 -32
47 72 90
47 75 4
47 77 96
47 78 -58
47 79 -41
47 80 -72
47 82 46
47 87 -41
47 98 69
47 99 57
48 59 -84
48 66 32
48 67 -89
48 69 21
48 74 66
48 75 59
48 78 53
48 83 87
48 84 -97
48 91 -63
48 99 -95
49 58 -94
49 71 -95
49 73 72
49 75 -88
49 76 52
49 85 -83
49 88 57
49 89 -91
49 91 -97
49 93 -85
49 98 -26
49 99 -56
50 56 72
50 58 20
50 60 -87
50 64 72
50 68 -32
50 72 45
50 73 -39
50 74 -36
50 75 -33
50 77 32
50 78 -61
50 82 -89
50 92 -87
50 99 -22
51 52 30
51 53 -19
51 54 11
51 56 -69
51 58 -33
51 59 81
51 60 35
51 61 -82
51 64 -56
51 67 16
51 71 -9
51 76 3
51 78 17
51 79 -58
51 80 4
51 93 -23
51 94 2
51 97 33
51 98 79
51 99 95
52 56 35
52 58 55
52 59 -48
52 60 -23
52 64 -53
52 65 78
52 67 -81
52 70 34
52 75 70
52 76 87
52 77 74
52 88 11
52 90 80
52 92 11
52 95 -88
52 96 37
52 97 -21
52 99 81
53 55 -83
53 59 -15
53 66 -4
53 67 -69
53 70 -76
53 74 40
53 75 -1
53 76 -19
53 78 -19
53 80 57
53 84 0
53 85 -6
53 86 27
53 88 -80
53 92 12
53 94 52
53 95 -23
53 96 20
54 56 84
54 60 71
54 61 -17
54 62 39
54 67 20
54 68 16
54 69 -68
54 71 -26
54 73 -28
54 74 -55
54 79 2
54 92 27
54 93 86
54 94 -3
54 95 49
54 97 -64
54 98 -8
55 56 -55
55 60 -57
55 61 -12
55 62 89
55 63 31
55 64 19
55 66 95
55 71 -76
55 74 -5
55 76 75
55 81 -81
55 85 68
55 87 -94
55 88 -13
55 91 46
55 97 -59
56 57 -10
56 62 -53
56 64 49
56 74 -49
56 75 25
56 76 -65
56 80 31
56 81 4
56 82 -10
56 85 -51
56 90 -23
56 95 -52
57 58 100
57 59 -69
57 60 -11
57 62 -25
57 63 51
57 64 26
57 68 -85
57 81 97
57 82 -65
57 87 94
57 92 80
57 95 85
57 96 68
57 97 -26
57 98 73
57 99 -62
58 61 49
58 62 -64
58 69 -26
58 76 55
58 77 -99
58 79 -70
58 80 72
58 81 5
58 86 -40
58 87 -68
58 89 20
58 91 -45
58 94 38
58 95 19
59 60 8
59 61 -72
59 62 -8
59 65 -59
59 67 78
59 72 -98
59 79 -51
59 80 -52
59 82 -97
59 83 62
59 85 14
60 63 75
60 65 96
60 67 51
60 68 -39
60 69 -35
60 70 51
60 75 79
60 80 -56
60 83 26
60 84 -61
60 86 -9
60 94 41
61 69 -3
61 71 26
61 73 -78
61 74 -46
61 75 7
61 78 -97
61 79 -20
61 85 -20
61 87 -75
61 89 90
61 91 -89
61 93 49
62 67 15
62 72 67
62 80 -38
62 81 35
62 84 -10
62 86 0
62 95 34
62 98 -44
63 64 -88
63 65 -16
63 69 74
63 70 14
63 71 -54
63 75 79
63 76 90
63 77 58
63 79 36
63 82 57
63 84 53
63 88 -34
63 90 -25
63 93 32
63 94 -47
63 95 99
63 98 22
63 99 -19
64 70 75
64 76 71
64 85 -5
64 86 17
64 87 44
64 88 48
64 89 -69
64 96 -5
64 98 32
65 76 -32
65 78 -55
65 84 72
65 88 38
65 90 93
65 93 -47
65 96 -89
66 67 -49
66 69 20
66 77 -79
66 79 -95
66 80 -9
66 85 -16
66 88 46
66 94 -69
66 98 66
67 68 -26
67 72 49
67 75 93
67 80 -80
67 84 81
67 86 57
67 91 17
67 92 90
67 96 17
67 99 76
68 69 5
68 76 27
68 79 -50
68 84 -24
68 88 -38
68 89 -77
68 93 -2
68 94 100
68 96 98
69 72 44
69 73 7
69 77 50
69 79 15
69 86 -45
69 87 -38
69 88 43
69 96 -89
70 75 58
70 76 45
70 77 -50
70 78 -21
70 81 68
70 86 38
70 88 -20
70 95 17
70 97 21
71 74 -89
71 78 -6
71 83 -19
71 84 -99
71 91 -44
71 92 -35
71 93 -58
71 98 7
72 75 34
72 78 39
72 79 -48
72 82 -37
72 85 -85
72 86 -35
72 89 -33
72 90 -100
72 91 -97
72 95 -77
72 98 -93
73 77 -98
73 78 94
73 80 84
73 81 99
73 84 -73
73 85 -7
73 90 -56
73 92 12
74 75 85
74 77 -57
74 81 34
74 82 71
74 92 84
74 95 -66
74 98 -26
75 76 -16
75 80 -55
75 83 -27
75 85 38
75 86 74
75 88 20
75 91 -61
75 92 23
75 94 52
76 82 52
76 85 -17
76 94 6
76 97 -43
77 79 70
77 80 -93
77 82 89
77 84 -37
77 88 61
77 91 44
77 93 -45
77 94 -40
78 80 -57
78 86 -68
78 88 16
78 94 100
78 95 88
79 81 42
79 82 -35
79 84 55
79 86 43
79 88 50
79 99 -41
80 83 -35
80 84 -64
80 89 -61
80 90 -5
80 92 -3
80 97 67
80 98 24
81 87 4
81 88 -10
81 89 -43
82 85 48
82 86 -20
82 88 47
82 93 99
82 94 7
82 96 -27
82 97 -92
82 99 92
83 84 -57
83 92 -68
83 94 -90
83 96 93
83 97 34
83 98 -85
84 85 31
84 89 -42
84 90 85
84 91 39
84 92 33
84 98 -86
85 90 40
85 95 28
86 87 94
86 95 -9
86 97 -77
86 98 29
87 91 -82
87 95 -57
87 98 100
87 99 -35
88 92 27
88 94 87
88 99 100
89 92 -94
91 92 -63
91 96 -76
92 93 82
92 96 51
93 97 -33
93 98 13
95 97 61
95 99 -82
97 99 -79
98 99 -67
