0 19 59
0 24 95
0 43 -41
0 53 23
0 58 92
0 80 83
0 94 -80
1 2 -61
1 5 94
1 28 85
1 34 54
1 41 -28
1 44 -18
1 59 84
1 64 -85
1 70 53
1 72 -97
1 74 90
1 75 -62
1 88 70
1 95 -56
2 18 -88
2 22 53
2 25 -7
2 34 3
2 35 -39
2 44 86
2 80 90
2 87 -78
3 9 58
3 31 23
3 33 53
3 52 13
3 56 79
3 71 -44
3 78 94
3 89 49
4 23 -50
4 37 85
4 40 -64
4 44 15
4 47 45
4 52 20
4 54 -11
4 68 -76
4 76 -91
4 93 67
5 15 -19
5 20 81
5 24 0
5 27 65
5 29 -93
5 45 -85
5 61 94
5 76 -43
5 93 44
6 35 -42
6 39 -43
6 43 100
6 57 37
6 76 73
6 87 65
6 95 -31
6 97 -60
7 10 43
7 16 -17
7 25 -51
7 30 96
7 33 63
7 41 -13
7 58 -28
7 66 31
8 28 41
8 29 -11
8 40 -83
8 57 -16
8 58 63
8 90 18
8 94 -23
9 15 -8
9 44 87
9 48 56
9 88 9
10 20 78
10 21 62
10 22 -25
10 28 -5
10 34 51
10 50 -24
10 56 27
10 57 88
10 69 -54
10 70 -81
10 87 23
10 94 58
11 14 -73
11 15 22
11 21 72
11 39 38
11 59 50
11 79 -55
11 81 17
11 88 18
11 90 -17
11 95 14
12 26 15
12 27 28
12 56 -19
12 85 -19
12 87 78
12 91 57
13 15 -31
13 28 99
13 74 98
13 86 -13
13 99 86
14 19 75
14 22 -8
14 25 84
14 45 -10
14 54 -85
14 94 -72
14 98 19
15 39 -59
15 42 62
15 72 -18
15 84 65
16 22 -73
16 29 -28
16 32 8
16 54 65
16 61 7
16 65 16
16 71 89
16 73 8
16 94 -34
17 47 79
17 89 -7
17 91 -66
17 95 -37
18 27 98
18 29 43
18 45 77
18 49 -64
18 53 47
18 82 -29
18 85 66
18 99 71
19 25 39
19 27 -5
19 42 -8
19 77 56
19 85 -80
19 87 19
19 91 8
19 92 -76
19 98 -25
20 47 58
20 78 -22
20 98 100
21 35 -2
21 52 -72
21 58 -92
21 70 51
21 71 26
21 73 12
21 86 38
21 90 -100
21 99 -38
22 24 -57
22 32 -87
22 38 -25
22 59 -17
22 60 38
22 64 91
22 79 97
22 82 52
22 91 -12
22 94 -70
23 39 -1
23 51 49
23 56 16
23 59 43
23 94 -15
23 98 24
24 30 68
24 35 60
24 41 2
24 52 -96
24 63 -99
24 82 -47
24 93 22
25 33 -19
25 40 -93
25 43 52
25 62 -44
25 73 -89
25 86 -96
26 37 97
26 54 -67
26 56 52
26 61 77
26 62 -42
26 64 74
26 68 93
26 74 89
26 84 0
26 95 -64
26 99 12
27 32 -11
27 51 47
27 63 -85
27 65 97
27 72 17
27 92 -11
27 98 50
28 30 -60
28 37 15
28 48 -64
28 50 83
28 70 -97
28 72 80
28 76 15
28 86 30
29 36 92
29 37 -62
29 45 -65
29 47 -28
29 63 -14
29 68 76
29 82 92
29 90 -3
29 91 93
30 32 51
30 52 -63
30 61 87
30 65 -15
30 81 -46
30 83 90
30 95 -61
31 39 51
31 43 -29
31 55 -71
31 89 -78
31 95 77
32 41 -86
32 52 -94
32 54 66
32 57 -64
32 65 47
32 93 89
32 95 46
32 96 -93
33 36 -1
33 45 -3
33 50 -89
33 55 37
33 56 -8
33 79 -29
33 81 13
34 42 -20
34 53 62
34 69 -64
34 86 -55
34 95 -19
35 37 40
35 38 -56
35 41 1
35 54 -20
35 58 -54
35 62 56
35 71 69
35 91 -35
35 92 17
36 39 -55
36 67 -49
36 89 93
36 90 75
36 93 15
37 40 -1
37 51 26
37 53 -58
37 64 57
37 79 -77
38 46 -97
38 47 48
39 42 51
39 44 79
39 45 -5
39 50 28
39 52 -45
39 57 90
39 65 -51
39 69 6
39 83 95
39 88 78
39 95 -48
40 52 -12
40 60 -14
40 65 62
40 67 27
40 71 61
41 47 90
41 48 -62
41 75 -76
41 82 -7
41 86 -87
42 50 -44
42 80 4
42 90 -62
42 92 69
43 62 87
43 98 91
44 50 53
44 57 8
44 63 -50
44 73 43
44 78 -93
44 88 82
45 46 34
45 59 -89
45 78 -15
45 85 46
45 90 -30
46 50 -89
46 73 73
46 88 7
46 92 -45
46 97 -90
47 49 -25
47 71 60
48 51 -60
48 64 88
48 84 40
48 85 -74
48 86 -5
49 61 91
49 77 42
49 90 42
50 59 81
50 65 19
50 78 11
50 83 2
50 88 -45
50 95 69
51 62 -59
51 80 0
51 90 20
52 53 -3
52 55 28
52 93 25
53 54 -27
53 56 24
53 57 -72
53 58 83
53 59 -56
53 62 34
53 72 -40
53 80 64
53 85 82
53 86 -82
53 90 5
54 55 38
54 57 82
54 69 -76
54 85 24
54 91 96
54 99 -34
55 78 -94
55 84 -96
55 97 -86
55 98 -28
56 64 12
56 78 -42
56 80 -54
56 90 -5
56 96 -69
57 83 -79
57 93 -6
57 99 -39
58 62 -95
58 66 -89
58 69 8
58 75 -79
58 78 22
58 79 61
58 84 9
58 88 96
59 64 -54
59 67 34
59 76 90
59 83 34
59 86 30
59 87 74
60 69 -32
60 72 17
60 98 83
61 71 69
61 74 0
61 76 -14
61 82 -99
62 77 47
62 91 45
62 99 -86
63 66 -96
63 74 26
63 79 -39
63 92 44
63 94 100
64 72 -36
64 75 30
64 80 2
64 88 21
64 90 -55
64 92 -42
64 99 -40
65 73 -21
65 92 -35
65 96 -44
66 88 65
66 98 -92
67 81 34
67 92 98
67 99 39
68 82 -42
69 70 33
69 87 -77
69 89 -76
69 90 -53
69 97 12
70 98 65
71 94 69
72 80 32
74 84 56
74 88 89
74 93 -73
75 81 -1
75 82 29
75 87 59
75 94 27
76 81 -81
76 87 -78
76 92 20
76 98 67
77 92 87
77 96 9
77 97 36
78 88 85
78 91 15
79 80 4
79 82 -97
79 90 -94
80 81 3
80 98 -97
80 99 -100
81 83 -69
81 87 56
82 88 27
82 92 32
82 94 14
85 98 4
90 96 -27
90 98 19
91 99 -92
92 97 -15
94 97 -23
