0 3 -26
0 5 -30
0 15 -69
0 16 6
0 19 -44
0 23 -100
0 26 -45
0 28 -94
0 29 28
0 35 97
0 41 -62
0 45 42
0 46 24
0 48 54
0 49 -99
0 51 99
0 53 -20
0 54 51
0 55 -92
0 58 -33
0 59 44
0 61 37
0 63 -7
0 64 -2
0 65 -71
0 67 90
0 68 4
0 69 23
0 73 40
0 74 -55
0 79 62
0 80 38
0 81 -30
0 84 46
0 86 73
0 87 -34
0 93 75
0 95 -14
0 96 79
1 3 -48
1 4 30
1 6 87
1 13 86
1 15 2
1 17 56
1 19 -4
1 24 -11
1 25 -74
1 29 -1
1 30 -45
1 31 -16
1 34 72
1 35 -18
1 38 68
1 40 45
1 41 41
1 46 -84
1 48 71
1 49 96
1 55 98
1 57 80
1 72 -56
1 75 -76
1 76 82
1 77 -4
1 78 -28
1 80 -16
1 81 52
1 82 0
1 84 -55
1 85 50
1 86 97
1 87 63
1 88 23
1 91 -19
1 93 -31
1 94 -53
1 96 54
1 98 -75
2 3 -66
2 7 -59
2 9 -28
2 11 -2
2 15 17
2 17 36
2 23 25
2 27 15
2 28 100
2 32 13
2 34 -58
2 35 -99
2 36 71
2 37 -75
2 39 -81
2 40 -34
2 42 78
2 44 -71
2 52 -99
2 58 -22
2 61 -95
2 62 55
2 65 49
2 67 -3
2 68 -96
2 75 -87
2 78 9
2 87 -44
2 89 -98
2 90 -53
2 91 92
2 93 35
2 95 5
2 97 50
2 98 -62
3 4 8
3 9 -43
3 10 -10
3 13 -3
3 15 73
3 16 70
3 19 -48
3 21 -26
3 22 5
3 25 5
3 26 62
3 27 -12
3 28 67
3 30 -35
3 31 30
3 35 58
3 40 -61
3 41 37
3 42 68
3 44 62
3 45 -21
3 46 89
3 48 8
3 49 61
3 52 41
3 55 61
3 57 -10
3 58 93
3 60 -73
3 66 -7
3 68 77
3 69 -2
3 71 8
3 72 8
3 74 11
3 75 -72
3 77 52
3 82 -82
3 83 -22
3 85 37
3 89 -23
3 90 -52
3 91 76
3 92 -15
3 97 92
3 99 60
4 5 32
4 6 -70
4 8 3
4 9 -24
4 11 -48
4 13 -99
4 15 45
4 16 86
4 17 99
4 18 -36
4 22 2
4 23 -9
4 25 -22
4 27 -18
4 28 -100
4 31 27
4 33 -39
4 38 19
4 43 -88
4 45 2
4 46 76
4 47 97
4 51 -53
4 52 -29
4 56 -50
4 57 -3
4 58 -100
4 64 -16
4 66 51
4 71 -14
4 73 89
4 76 83
4 77 48
4 81 -30
4 89 -43
4 92 -49
4 93 -36
4 96 2
5 9 3
5 11 53
5 12 -69
5 18 46
5 19 91
5 20 21
5 23 -95
5 25 19
5 34 -92
5 36 77
5 39 17
5 40 42
5 44 -1
5 45 -29
5 47 39
5 48 -71
5 51 51
5 52 -35
5 53 70
5 60 76
5 61 17
5 63 39
5 64 20
5 65 82
5 66 5
5 71 84
5 72 -74
5 74 -48
5 75 -87
5 81 -83
5 83 -17
5 85 65
5 92 -15
5 93 -53
5 94 -71
5 96 79
5 97 -2
6 17 -91
6 19 -59
6 20 -73
6 23 -53
6 25 -77
6 28 -21
6 29 -27
6 31 96
6 34 -93
6 38 -70
6 41 -58
6 43 92
6 45 -92
6 46 74
6 48 62
6 50 45
6 51 19
6 52 -14
6 54 33
6 67 -13
6 71 -85
6 74 79
6 75 -48
6 84 -94
6 86 53
6 92 -99
6 96 58
6 99 41
7 12 58
7 13 -53
7 15 -81
7 25 -91
7 26 -80
7 27 39
7 29 38
7 30 60
7 35 -61
7 42 -78
7 44 -24
7 45 -55
7 47 -6
7 50 -10
7 51 -73
7 58 -89
7 62 98
7 64 52
7 66 -26
7 67 67
7 69 -74
7 70 -83
7 71 -96
7 73 17
7 74 -48
7 78 28
7 79 -73
7 80 37
7 87 -69
7 88 18
7 89 73
7 90 16
7 94 21
7 96 -50
8 10 -35
8 12 64
8 13 -55
8 16 -33
8 17 72
8 18 -24
8 20 -4
8 24 28
8 28 -18
8 30 63
8 31 -47
8 32 85
8 37 -58
8 39 61
8 42 30
8 45 22
8 48 -89
8 49 100
8 52 -42
8 54 -1
8 55 35
8 61 96
8 62 -10
8 65 1
8 66 -86
8 67 27
8 70 -69
8 72 -57
8 73 24
8 74 57
8 76 76
8 77 -92
8 81 -79
8 83 35
8 88 -18
8 91 -91
8 92 -51
8 94 -58
8 95 -15
8 96 -81
9 11 88
9 12 4
9 14 15
9 16 69
9 19 -39
9 20 -69
9 22 44
9 24 -76
9 25 -64
9 26 -35
9 33 -100
9 34 -100
9 35 -73
9 36 65
9 38 76
9 39 23
9 40 5
9 41 67
9 42 -60
9 44 44
9 48 94
9 54 -48
9 57 -48
9 59 -100
9 67 26
9 69 73
9 70 -84
9 71 29
9 73 -48
9 74 28
9 82 -11
9 86 56
9 88 66
9 89 15
9 91 -85
9 94 86
9 98 -45
10 11 30
10 16 -24
10 23 18
10 24 34
10 25 82
10 26 99
10 30 63
10 31 20
10 37 -20
10 39 18
10 43 -98
10 53 1
10 55 27
10 57 -22
10 58 93
10 61 11
10 64 73
10 67 -42
10 69 -65
10 70 -1
10 75 -65
10 77 -29
10 78 22
10 84 -88
10 85 70
10 87 -17
10 88 -60
10 89 -85
10 91 49
10 97 -8
10 99 -72
11 13 24
11 14 21
11 16 71
11 19 -18
11 21 49
11 23 45
11 25 91
11 26 85
11 29 60
11 33 87
11 34 -60
11 36 -62
11 37 -37
11 38 61
11 42 -72
11 45 -59
11 50 39
11 52 -28
11 53 -41
11 62 -21
11 64 31
11 67 18
11 68 42
11 70 64
11 71 -90
11 72 -33
11 75 43
11 76 80
11 77 71
11 80 75
11 82 -33
11 83 74
11 84 -27
11 87 -82
11 89 32
11 91 -96
11 92 92
11 94 -43
12 13 18
12 15 -74
12 17 -62
12 22 -62
12 24 -55
12 25 -59
12 28 48
12 29 73
12 31 31
12 32 68
12 34 21
12 36 -12
12 37 78
12 44 -43
12 48 -94
12 50 -37
12 57 30
12 58 28
12 59 -94
12 67 -29
12 68 0
12 71 -36
12 78 -24
12 81 50
12 83 -1
12 84 -40
12 85 -45
12 86 40
12 88 64
12 90 96
12 93 -85
12 94 36
12 95 100
12 96 -86
12 98 -50
13 15 -22
13 17 46
13 28 -87
13 29 -53
13 30 29
13 31 2
13 33 -94
13 35 -27
13 37 -21
13 39 53
13 40 8
13 41 -28
13 42 65
13 46 -83
13 48 -84
13 50 37
13 51 -25
13 53 -9
13 55 -5
13 57 -97
13 60 -29
13 64 -11
13 65 -64
13 68 46
13 69 97
13 71 -75
13 73 -2
13 74 42
13 78 -42
13 79 18
13 80 -97
13 82 14
13 85 6
13 86 10
13 88 -73
13 91 43
13 92 -23
13 96 34
13 98 -41
14 16 16
14 17 -77
14 18 -19
14 20 -24
14 21 70
14 27 60
14 33 -30
14 35 7
14 38 38
14 40 62
14 48 54
14 53 -73
14 55 10
14 59 -23
14 60 92
14 68 -67
14 72 -63
14 75 47
14 78 31
14 79 47
14 82 50
14 85 -72
14 93 -42
14 95 -93
14 99 87
15 18 29
15 20 96
15 22 -9
15 24 -7
15 25 -34
15 26 23
15 29 -43
15 31 78
15 33 -16
15 36 22
15 37 23
15 40 -85
15 41 -87
15 46 -52
15 47 -81
15 53 67
15 60 -64
15 61 -53
15 66 3
15 67 -100
15 70 -76
15 71 -98
15 73 -74
15 80 35
15 81 -44
15 82 61
15 84 78
15 88 -78
15 93 77
15 94 26
15 96 -42
15 97 -76
15 99 16
16 20 82
16 26 -97
16 31 -49
16 38 -41
16 43 94
16 46 -98
16 47 -80
16 50 97
16 51 -31
16 53 -88
16 57 -78
16 58 -49
16 60 73
16 62 3
16 64 40
16 65 91
16 67 81
16 72 9
16 73 91
16 79 -57
16 83 -91
16 85 34
16 87 2
16 88 12
16 89 -16
16 93 -55
16 96 -77
16 97 27
17 19 -53
17 23 -85
17 24 -57
17 26 59
17 32 70
17 34 -22
17 35 100
17 37 -32
17 39 12
17 40 85
17 41 82
17 44 -11
17 46 -66
17 50 73
17 52 42
17 53 86
17 54 92
17 55 6
17 59 39
17 60 -91
17 61 75
17 62 -82
17 64 83
17 65 -46
17 68 -71
17 72 -66
17 73 28
17 74 88
17 76 98
17 78 52
17 81 3
17 83 8
17 84 10
17 86 61
17 88 -36
17 93 27
17 94 -82
17 95 53
17 97 -18
17 98 -63
18 23 56
18 26 -72
18 27 -20
18 29 -48
18 31 45
18 33 -41
18 37 -70
18 39 30
18 40 -89
18 41 32
18 44 19
18 48 84
18 49 -72
18 53 -29
18 55 -13
18 56 -96
18 57 41
18 60 -55
18 61 35
18 66 -76
18 69 -79
18 70 -34
18 72 50
18 74 -7
18 75 -46
18 79 67
18 80 -96
18 84 -50
18 86 74
18 91 4
18 93 -86
18 94 98
18 99 72
19 22 19
19 27 1
19 29 85
19 34 93
19 37 -75
19 38 -39
19 40 35
19 41 37
19 43 -43
19 44 32
19 46 -35
19 50 -88
19 51 36
19 54 -96
19 55 53
19 58 43
19 61 -22
19 68 41
19 69 92
19 74 69
19 75 23
19 76 -51
19 77 -79
19 78 87
19 79 -1
19 82 -8
19 83 -75
19 84 74
19 85 -98
19 86 1
19 87 -42
19 95 39
19 96 0
19 98 21
20 22 -54
20 24 53
20 26 33
20 27 -69
20 28 -66
20 30 -89
20 31 -90
20 34 52
20 36 -31
20 43 67
20 45 -50
20 48 6
20 50 85
20 52 -12
20 56 27
20 57 31
20 58 -64
20 60 45
20 62 -35
20 63 61
20 65 -10
20 67 13
20 68 -49
20 71 -95
20 73 40
20 75 2
20 81 82
20 88 -94
20 91 6
20 92 74
20 93 -88
20 95 39
20 96 20
20 98 -1
21 22 -49
21 23 -94
21 32 9
21 36 -60
21 37 -50
21 41 79
21 46 -20
21 49 93
21 50 -9
21 55 89
21 56 -50
21 57 -79
21 59 -79
21 63 -39
21 70 -86
21 71 -16
21 72 -65
21 76 -99
21 77 34
21 79 -19
21 81 -87
21 82 -86
21 87 13
21 96 20
21 97 48
22 26 -74
22 27 7
22 32 -6
22 34 -79
22 38 -27
22 39 -28
22 43 21
22 44 -31
22 45 -26
22 46 -57
22 51 74
22 61 59
22 63 31
22 64 -86
22 67 52
22 71 -60
22 72 53
22 75 13
22 76 22
22 77 68
22 83 90
22 84 85
22 91 38
22 92 86
22 93 95
23 27 67
23 29 76
23 31 82
23 34 25
23 36 37
23 39 70
23 41 9
23 43 -82
23 44 53
23 47 32
23 49 52
23 50 -48
23 51 100
23 53 -7
23 55 -97
23 56 -88
23 57 37
23 60 54
23 62 -29
23 64 41
23 65 6
23 69 -77
23 71 81
23 73 -84
23 75 89
23 76 29
23 78 -66
23 85 23
23 87 96
23 90 -91
23 91 -38
23 92 -87
23 94 -34
23 96 -11
24 26 32
24 28 16
24 29 8
24 36 -71
24 37 75
24 39 -86
24 41 -51
24 44 -48
24 46 46
24 47 38
24 48 98
24 55 -1
24 56 53
24 58 1
24 61 -41
24 64 61
24 65 36
24 71 83
24 75 76
24 77 66
24 78 38
24 81 -71
24 82 -72
24 84 -82
24 87 96
24 89 22
24 90 -34
24 93 -25
24 95 -67
24 96 11
24 98 53
25 33 41
25 35 -80
25 38 39
25 39 -61
25 41 -53
25 46 -36
25 47 -93
25 53 -98
25 55 89
25 57 6
25 58 -63
25 60 -65
25 68 67
25 70 73
25 72 -69
25 75 -32
25 80 -31
25 84 -20
25 90 -6
25 91 66
25 92 31
25 95 8
26 27 73
26 29 43
26 31 -17
26 33 -88
26 35 -29
26 39 98
26 43 74
26 45 57
26 46 -3
26 49 71
26 52 10
26 57 -60
26 58 58
26 59 42
26 62 -92
26 63 96
26 64 -22
26 69 4
26 70 -1
26 72 -11
26 75 94
26 82 -23
26 83 91
26 85 18
26 86 -79
26 87 29
26 89 -43
26 90 22
26 91 -89
26 96 -48
26 99 75
27 32 5
27 36 -4
27 37 -19
27 39 -63
27 42 94
27 44 86
27 46 85
27 47 -42
27 51 -57
27 53 60
27 55 60
27 56 93
27 59 78
27 60 -90
27 61 35
27 62 53
27 66 88
27 74 21
27 78 37
27 79 -86
27 82 0
27 84 -99
27 88 39
27 90 95
27 92 20
27 95 -92
27 96 58
27 98 97
28 35 -64
28 36 42
28 37 -19
28 40 -56
28 43 25
28 50 -92
28 54 -45
28 56 92
28 59 -88
28 61 57
28 64 21
28 65 -25
28 66 74
28 70 95
28 73 -61
28 74 -72
28 75 35
28 79 75
28 80 28
28 81 -89
28 86 42
28 87 -64
28 90 51
28 92 38
28 93 13
28 94 -86
28 96 -91
29 34 98
29 35 99
29 36 15
29 38 68
29 39 17
29 41 94
29 43 -59
29 46 -91
29 47 -83
29 50 10
29 53 -9
29 57 12
29 60 48
29 62 74
29 65 -81
29 67 19
29 68 -96
29 69 24
29 80 0
29 81 68
29 82 65
29 85 15
29 86 -49
29 89 -68
29 92 -40
30 31 36
30 33 59
30 34 73
30 37 98
30 39 -95
30 41 -58
30 43 36
30 44 -23
30 49 89
30 51 77
30 53 -70
30 56 93
30 60 -14
30 61 66
30 62 81
30 63 -34
30 64 -97
30 65 34
30 69 -47
30 70 24
30 71 97
30 72 -77
30 77 -39
30 79 58
30 82 95
30 86 96
30 90 5
30 92 -83
30 93 90
30 97 88
30 98 75
31 32 -52
31 33 54
31 34 25
31 36 -10
31 37 59
31 39 -20
31 43 71
31 47 -37
31 48 77
31 52 73
31 53 -38
31 59 -29
31 65 50
31 66 67
31 67 -4
31 73 62
31 74 17
31 75 -38
31 76 84
31 79 -71
31 82 15
31 84 91
31 85 58
31 86 -70
31 87 -78
31 89 -16
31 92 -91
31 94 -44
31 95 -12
31 96 13
31 99 9
32 33 -78
32 34 -8
32 35 -52
32 37 71
32 38 -19
32 39 4
32 40 70
32 42 -58
32 44 90
32 47 66
32 49 78
32 52 23
32 53 -7
32 57 35
32 58 47
32 59 1
32 60 88
32 61 -89
32 62 89
32 65 -23
32 71 -54
32 75 96
32 88 -43
32 91 -88
32 94 36
32 97 30
32 98 -89
33 42 17
33 45 -4
33 46 -65
33 49 23
33 50 -41
33 54 35
33 56 -53
33 59 -27
33 62 24
33 64 61
33 66 41
33 67 10
33 69 98
33 70 86
33 72 10
33 74 32
33 78 -81
33 80 55
33 82 -88
33 85 51
33 86 -64
33 87 12
33 90 -24
33 93 -52
33 95 -90
33 97 87
34 35 -12
34 39 94
34 42 -80
34 47 36
34 48 13
34 51 41
34 52 94
34 53 -23
34 56 -29
34 57 -42
34 58 86
34 60 22
34 62 -73
34 63 -21
34 64 51
34 66 -13
34 67 -71
34 68 -27
34 70 37
34 71 92
34 72 25
34 73 41
34 75 -88
34 79 25
34 90 -65
34 93 52
34 97 -72
35 36 17
35 39 51
35 41 16
35 44 -10
35 45 67
35 46 -69
35 47 63
35 49 -33
35 52 71
35 53 15
35 59 -13
35 60 6
35 66 -54
35 67 2
35 68 13
35 69 -45
35 70 -99
35 71 83
35 72 -74
35 73 -95
35 77 -87
35 80 -71
35 82 17
35 87 -85
35 88 5
35 98 59
35 99 -33
36 37 -57
36 38 55
36 39 -18
36 46 -47
36 47 67
36 48 -76
36 49 -94
36 51 44
36 52 23
36 53 31
36 55 45
36 57 -18
36 59 -61
36 66 0
36 67 -11
36 68 -71
36 71 -40
36 72 59
36 74 -45
36 75 31
36 76 28
36 77 -82
36 81 65
36 84 10
36 86 -17
36 90 -34
36 94 93
36 95 -97
36 97 -61
37 41 -44
37 42 23
37 43 49
37 44 73
37 45 62
37 46 48
37 53 -99
37 55 -50
37 58 43
37 62 59
37 70 -30
37 71 2
37 74 59
37 75 -30
37 76 77
37 77 89
37 78 -44
37 79 36
37 81 41
37 86 -31
37 87 -18
37 88 76
37 89 4
37 91 -16
37 95 35
37 96 13
38 40 -13
38 41 -10
38 44 -54
38 46 89
38 47 -7
38 48 6
38 49 62
38 50 -39
38 54 20
38 56 -42
38 59 -83
38 62 -72
38 63 76
38 65 -42
38 66 5
38 67 -15
38 73 88
38 74 85
38 75 87
38 76 -20
38 84 -71
38 87 55
38 88 66
38 90 -81
38 92 21
38 97 -3
39 41 24
39 48 -85
39 51 57
39 53 -7
39 54 92
39 55 -10
39 56 -33
39 62 -45
39 64 67
39 66 -56
39 68 -29
39 69 12
39 70 -51
39 73 -96
39 76 -91
39 77 -27
39 78 -13
39 80 57
39 83 -91
39 84 60
39 88 -92
39 89 -83
39 93 61
39 98 58
40 42 17
40 44 -45
40 46 -44
40 47 -39
40 52 98
40 53 10
40 54 47
40 55 90
40 56 -95
40 57 90
40 58 -50
40 60 -95
40 66 97
40 68 98
40 74 30
40 75 41
40 78 -45
40 79 45
40 81 4
40 82 17
40 83 82
40 86 -72
40 95 4
40 97 54
40 98 -79
41 43 -9
41 44 53
41 46 72
41 49 37
41 52 -56
41 53 85
41 55 77
41 58 -60
41 60 89
41 62 88
41 63 -89
41 64 15
41 71 60
41 72 -65
41 75 -27
41 76 49
41 77 21
41 79 -14
41 81 -85
41 82 -56
41 85 -64
41 88 19
41 89 93
41 92 29
41 95 -75
41 97 -22
42 44 68
42 45 -27
42 48 -74
42 49 -72
42 51 24
42 52 -19
42 54 -11
42 57 40
42 62 6
42 63 -23
42 67 76
42 69 -92
42 71 11
42 72 31
42 75 16
42 78 48
42 79 52
42 81 88
42 82 72
42 83 -99
42 88 46
42 90 -81
42 94 -2
42 97 -14
42 99 4
43 45 -6
43 47 56
43 54 12
43 55 -78
43 56 -55
43 57 62
43 59 -27
43 61 -85
43 65 73
43 67 76
43 70 -51
43 73 -96
43 74 94
43 76 55
43 77 -80
43 79 34
43 80 89
43 82 98
43 84 92
43 86 -55
43 88 -93
43 93 -89
43 96 -16
43 98 0
43 99 -65
44 47 75
44 48 -57
44 58 -40
44 62 -18
44 63 -56
44 65 -73
44 69 34
44 71 -99
44 73 -25
44 76 8
44 83 -80
44 87 67
44 90 9
44 94 -71
44 96 96
44 97 31
44 98 -90
44 99 -19
45 46 4
45 48 -49
45 50 -82
45 51 -25
45 60 31
45 61 -15
45 63 84
45 66 -80
45 70 12
45 71 -83
45 73 33
45 76 -74
45 82 86
45 84 -81
45 85 -7
45 86 24
45 92 17
45 94 80
45 96 32
45 99 -66
46 49 -81
46 52 -51
46 54 28
46 55 13
46 59 11
46 62 -80
46 63 -44
46 64 53
46 67 -8
46 68 36
46 72 -77
46 74 -61
46 77 -81
46 79 54
46 81 -91
46 84 -83
46 85 -65
46 86 49
46 89 1
46 90 -51
46 92 28
46 97 64
47 49 70
47 50 95
47 54 -41
47 56 -27
47 60 -41
47 68 -70
47 70 -61
47 71 -40
47 72 7
47 73 -23
47 78 -83
47 79 -48
47 80 20
47 84 93
47 86 4
47 87 -2
47 88 -85
47 90 76
47 91 8
47 92 -80
47 94 66
47 96 -2
47 97 27
47 98 -60
48 55 -59
48 56 -15
48 61 -54
48 62 -81
48 63 15
48 65 -24
48 68 -95
48 75 -42
48 77 -96
48 80 91
48 82 33
48 83 -24
48 85 36
48 86 -36
48 89 23
48 93 -27
48 97 -68
49 50 17
49 52 -20
49 54 95
49 56 -71
49 58 78
49 61 -78
49 69 -55
49 71 -39
49 72 36
49 77 5
49 78 68
49 81 67
49 83 61
49 85 2
49 86 38
49 91 -40
49 94 77
49 95 51
49 97 -67
49 98 -58
50 51 -52
50 56 16
50 60 -30
50 68 -28
50 73 89
50 76 96
50 77 -28
50 78 -15
50 79 36
50 81 75
50 82 2
50 83 96
50 84 2
50 88 69
50 90 60
50 91 60
50 92 95
50 94 -94
50 97 -13
50 99 -44
51 56 40
51 64 9
51 65 -30
51 67 36
51 68 -28
51 69 -21
51 70 -66
51 71 -38
51 72 23
51 74 82
51 77 -95
51 84 2
51 85 -9
51 87 -92
51 88 -62
51 94 61
51 96 40
51 97 72
51 99 29
52 56 18
52 60 71
52 61 -7
52 64 80
52 65 53
52 67 -64
52 68 -46
52 73 97
52 74 -6
52 75 95
52 76 -94
52 77 79
52 79 -82
52 80 99
52 85 -76
52 94 -54
52 96 92
52 97 -41
52 98 -83
52 99 -96
53 54 -41
53 55 -40
53 60 19
53 63 87
53 64 -57
53 65 14
53 66 -97
53 67 22
53 71 42
53 76 -64
53 77 -17
53 82 -37
53 85 95
53 86 -68
53 96 9
53 98 -38
53 99 -88
54 57 70
54 58 56
54 63 97
54 65 99
54 69 4
54 71 63
54 76 22
54 77 -65
54 80 13
54 82 -57
54 88 82
54 91 50
54 92 17
54 95 11
54 98 99
54 99 -84
55 61 -19
55 62 14
55 63 13
55 65 -54
55 68 33
55 69 -3
55 70 35
55 72 -86
55 76 29
55 79 -12
55 80 47
55 81 2
55 84 62
55 85 -15
55 90 74
55 91 -58
55 92 13
55 93 75
55 94 -4
55 95 25
55 97 -31
55 98 -100
55 99 -29
56 58 42
56 59 -68
56 61 -5
56 63 44
56 65 67
56 66 -20
56 70 -32
56 72 33
56 73 70
56 75 27
56 86 96
56 89 69
56 90 -76
56 91 -28
56 92 -86
56 96 -73
56 97 -25
56 98 86
57 58 -89
57 59 99
57 61 -15
57 62 67
57 65 -62
57 70 -97
57 71 -35
57 75 -25
57 77 -21
57 78 -39
57 80 53
57 83 -75
57 85 -86
57 87 48
57 89 9
57 91 4
57 92 5
57 95 64
57 96 35
58 59 70
58 61 53
58 62 -64
58 64 -55
58 65 -63
58 68 -93
58 69 10
58 76 81
58 79 25
58 80 54
58 82 74
58 84 83
58 89 -61
58 98 -73
59 65 67
59 69 -46
59 72 53
59 73 -100
59 78 8
59 84 55
59 85 57
59 87 51
59 88 -46
59 92 -85
59 94 82
59 98 17
59 99 20
60 66 7
60 67 -79
60 69 56
60 73 -8
60 74 19
60 79 77
60 82 19
60 83 75
60 84 -92
60 86 85
60 88 -97
60 91 -36
60 92 -63
60 96 -73
60 97 34
61 62 73
61 63 51
61 69 -85
61 70 22
61 71 89
61 80 91
61 81 -54
61 82 23
61 86 77
61 88 30
61 89 96
61 91 -72
61 92 31
61 93 -43
61 95 -84
61 96 -78
61 98 -21
62 68 78
62 69 20
62 70 -99
62 72 32
62 73 16
62 75 -67
62 76 -96
62 79 -57
62 82 -62
62 84 -32
62 86 48
62 87 0
62 89 7
62 90 14
62 91 83
62 93 -15
62 96 -25
62 99 -81
63 64 -45
63 67 -89
63 68 -93
63 70 -41
63 71 -62
63 77 9
63 84 -66
63 87 -69
63 91 -6
63 94 5
63 98 -40
64 65 39
64 67 92
64 70 91
64 71 -42
64 72 -81
64 74 13
64 77 48
64 78 -24
64 80 -27
64 81 58
64 84 -92
64 88 82
64 93 28
64 96 -67
64 97 -83
64 98 93
64 99 -60
65 66 57
65 69 21
65 70 37
65 72 -11
65 73 88
65 79 30
65 80 -50
65 85 -62
65 91 -69
65 99 27
66 70 -90
66 74 97
66 76 -47
66 77 19
66 78 62
66 80 17
66 81 56
66 82 33
66 83 -76
66 85 -1
66 86 -57
66 91 -39
66 98 -40
66 99 -95
67 72 68
67 78 38
67 79 -16
67 84 33
67 87 -20
67 91 69
67 92 -18
67 95 -92
67 96 -78
67 97 -51
68 69 -30
68 71 99
68 73 -14
68 75 -28
68 78 -100
68 80 -88
68 85 92
68 86 24
68 87 -68
68 90 89
68 91 -70
68 92 -96
68 93 21
68 95 86
68 98 79
69 70 -69
69 72 84
69 73 -28
69 75 78
69 79 94
69 80 22
69 81 -53
69 82 -11
69 85 70
69 88 -7
69 91 -55
69 92 -23
69 95 -23
69 96 -5
70 71 -51
70 73 -35
70 75 -74
70 81 -16
70 82 -87
70 83 55
70 85 69
70 86 6
70 87 -27
70 88 57
70 91 -31
70 93 22
70 94 -91
70 96 -35
71 72 52
71 73 43
71 74 8
71 78 -97
71 79 -87
71 80 -73
71 82 -60
71 90 -57
71 91 -42
71 93 -81
71 96 -52
71 98 -94
72 78 91
72 79 91
72 80 66
72 81 62
72 83 87
72 87 33
72 90 -34
72 91 83
72 95 12
72 96 -94
73 83 -59
73 84 18
73 87 44
73 89 -96
73 95 -54
73 97 -59
74 79 92
74 82 73
74 84 -1
74 85 -74
74 86 74
74 94 64
74 95 31
74 96 -76
75 76 -68
75 77 -79
75 78 -48
75 79 -56
75 82 63
75 86 -34
75 87 -88
75 92 -64
75 94 -12
76 84 52
76 86 -85
76 88 -37
76 91 -50
76 93 -36
76 99 90
77 79 -78
77 80 -94
77 84 -67
77 87 35
77 89 95
77 93 31
77 95 15
77 96 -46
78 81 8
78 82 -31
78 83 70
78 85 -56
78 86 -83
78 87 100
78 88 14
78 90 12
78 91 45
78 95 2
78 96 21
78 99 -57
79 81 31
79 83 -95
79 84 -16
79 86 -22
79 88 -48
79 89 36
79 90 3
79 92 -48
79 93 -86
79 94 51
79 99 14
80 81 84
80 83 54
80 85 -18
80 89 -26
80 90 26
80 91 -84
80 95 -83
80 97 -61
81 88 -26
81 91 76
81 94 73
81 95 17
81 98 -77
81 99 -70
82 90 97
82 92 19
82 95 -19
82 97 -13
82 98 -31
83 84 -48
83 86 -50
83 87 94
83 88 -77
83 90 2
83 98 -67
84 86 -31
84 90 96
84 91 25
84 92 -98
84 93 30
84 94 -100
84 96 -53
84 97 84
84 98 96
84 99 70
85 86 53
85 90 -72
85 93 68
85 94 30
86 88 -93
86 91 21
86 95 -76
86 96 -30
87 93 -29
87 95 30
87 97 60
87 98 78
88 89 11
88 93 -76
88 94 -62
88 96 -36
88 99 45
89 92 96
89 93 -6
89 98 -61
90 92 -68
90 93 76
90 94 -75
90 96 -21
90 99 38
91 93 42
91 96 -18
92 96 28
92 99 20
93 95 -18
93 98 93
94 95 -52
94 96 -93
94 97 -38
94 98 28
95 98 -73
96 99 -23
97 98 -86
98 99 28
