0 1 -99
0 3 71
0 4 36
0 5 42
0 6 86
0 7 -53
0 9 -91
0 10 77
0 11 96
0 12 -92
0 14 -2
0 16 36
0 18 56
0 19 -24
0 21 -73
0 22 83
0 24 7
0 27 -64
0 28 -28
0 29 39
0 30 14
0 31 52
0 33 -9
0 35 -52
0 36 25
0 38 100
0 40 88
0 41 -31
0 42 8
0 43 -31
0 44 14
0 45 -83
0 46 -1
0 47 26
0 49 -10
0 51 -66
0 52 -9
0 53 17
0 54 3
0 55 39
0 56 66
0 58 -56
0 59 9
0 60 -40
0 61 -66
0 63 -89
0 64 -69
0 65 -53
0 67 -54
0 68 -6
0 70 -37
0 71 -99
0 72 60
0 74 -75
0 75 10
0 76 -80
0 78 93
0 79 74
0 80 5
0 81 65
0 82 -33
0 83 -36
0 84 -61
0 85 -60
0 87 52
0 88 -7
0 90 15
0 91 -40
0 92 76
0 93 90
0 94 -41
0 95 -86
0 96 48
0 97 50
0 98 -95
0 99 97
1 3 -24
1 6 25
1 7 45
1 8 -9
1 9 56
1 11 32
1 12 -52
1 13 -53
1 14 42
1 16 46
1 17 43
1 18 -4
1 19 71
1 20 68
1 21 29
1 22 -93
1 23 9
1 24 38
1 25 -57
1 26 11
1 27 -24
1 28 25
1 29 -81
1 31 37
1 32 28
1 33 -13
1 34 71
1 35 33
1 38 47
1 39 88
1 40 -52
1 41 59
1 42 -67
1 43 18
1 44 86
1 45 3
1 46 -3
1 47 1
1 48 -74
1 50 -30
1 51 90
1 52 -97
1 53 73
1 54 45
1 57 36
1 58 68
1 59 -46
1 60 57
1 61 60
1 62 -66
1 63 16
1 64 71
1 66 70
1 67 -10
1 68 -72
1 69 72
1 70 60
1 72 93
1 73 74
1 74 -97
1 76 -65
1 79 5
1 80 -7
1 81 -3
1 82 -60
1 87 49
1 88 -67
1 90 67
1 91 -58
1 92 -92
1 93 -35
1 94 -94
1 95 57
1 97 -69
1 98 29
2 3 9
2 4 77
2 6 -3
2 7 82
2 8 20
2 9 26
2 10 56
2 11 40
2 12 42
2 13 36
2 15 -36
2 16 -50
2 17 56
2 18 -3
2 19 -85
2 20 -93
2 21 12
2 23 35
2 24 -71
2 26 -80
2 27 40
2 28 -48
2 29 27
2 30 -82
2 31 99
2 32 -99
2 33 -88
2 34 -52
2 35 23
2 36 -80
2 37 -90
2 39 -79
2 40 -61
2 41 9
2 42 25
2 43 -14
2 44 -86
2 45 -35
2 46 -51
2 48 -60
2 50 8
2 51 86
2 52 -56
2 53 63
2 55 75
2 57 69
2 59 -77
2 60 16
2 61 96
2 62 -36
2 65 -52
2 67 -3
2 68 -50
2 69 3
2 70 59
2 71 10
2 72 -75
2 74 -39
2 75 -15
2 76 31
2 78 97
2 79 88
2 80 26
2 82 -91
2 83 90
2 84 -64
2 85 19
2 86 -94
2 87 -48
2 88 10
2 92 91
2 94 100
2 96 -9
2 97 39
2 99 -44
3 4 -9
3 5 31
3 6 45
3 9 -38
3 10 -53
3 11 -20
3 12 -99
3 13 90
3 14 -8
3 15 -67
3 16 99
3 17 -19
3 18 9
3 19 43
3 20 -26
3 21 15
3 22 77
3 23 66
3 24 64
3 25 -31
3 26 -4
3 28 -62
3 29 -41
3 30 -30
3 31 91
3 32 -48
3 33 -40
3 34 62
3 35 -27
3 36 61
3 37 -13
3 38 -91
3 39 11
3 41 59
3 42 48
3 43 -59
3 44 89
3 45 95
3 47 2
3 48 -36
3 49 72
3 50 58
3 51 -2
3 53 46
3 54 -77
3 55 -7
3 56 -11
3 57 45
3 58 -54
3 59 100
3 60 -4
3 61 45
3 62 43
3 63 -82
3 64 28
3 65 -18
3 66 -25
3 67 -67
3 68 -66
3 69 89
3 70 -38
3 73 -7
3 75 24
3 77 -67
3 78 -24
3 80 -60
3 81 36
3 82 -48
3 83 -5
3 84 25
3 86 -26
3 87 -32
3 89 -2
3 90 95
3 91 -18
3 93 -68
3 94 51
3 95 100
3 96 96
3 97 -49
3 98 -15
3 99 56
4 5 51
4 6 31
4 7 -74
4 9 54
4 11 34
4 12 79
4 13 -10
4 14 -74
4 15 -74
4 17 1
4 18 -27
4 19 41
4 20 93
4 21 -48
4 23 68
4 25 -16
4 26 -9
4 27 -67
4 29 -43
4 32 -40
4 34 -37
4 35 93
4 36 -90
4 39 -11
4 40 85
4 41 -68
4 42 21
4 43 76
4 44 -77
4 45 -64
4 46 -25
4 47 15
4 48 -92
4 50 -25
4 51 100
4 53 -51
4 54 5
4 55 -40
4 56 26
4 57 87
4 58 28
4 59 75
4 60 46
4 63 12
4 64 14
4 65 25
4 67 98
4 68 89
4 69 54
4 70 -94
4 72 72
4 73 -7
4 74 -81
4 76 52
4 77 55
4 78 45
4 79 40
4 80 -33
4 81 -35
4 82 19
4 83 2
4 84 2
4 85 -72
4 87 73
4 88 -30
4 89 69
4 90 20
4 92 16
4 93 70
4 94 92
4 95 -42
4 97 -25
4 98 -7
4 99 -91
5 9 -23
5 12 -5
5 13 -73
5 14 -24
5 15 -3
5 16 -44
5 17 65
5 18 -53
5 19 -64
5 20 6
5 21 64
5 23 -79
5 24 34
5 25 93
5 26 -22
5 27 73
5 28 10
5 31 5
5 32 -96
5 33 -60
5 34 47
5 36 -28
5 37 67
5 39 73
5 40 36
5 41 -7
5 42 -99
5 43 -16
5 44 -56
5 45 -82
5 48 97
5 50 35
5 52 -39
5 53 -9
5 55 -85
5 57 87
5 58 -10
5 60 -59
5 61 -14
5 62 -9
5 63 -34
5 64 67
5 65 -22
5 66 37
5 67 -25
5 68 46
5 71 -39
5 73 96
5 74 94
5 75 26
5 76 -31
5 77 23
5 78 -100
5 79 29
5 80 94
5 81 100
5 82 -66
5 83 -25
5 84 7
5 85 -36
5 87 25
5 88 -36
5 92 51
5 94 -96
5 95 38
5 96 74
5 97 15
5 98 -4
5 99 -32
6 7 -29
6 8 -10
6 9 -85
6 10 -35
6 11 87
6 12 -72
6 13 40
6 15 -31
6 16 43
6 17 -23
6 18 -74
6 19 -56
6 20 -82
6 21 -58
6 22 -21
6 25 -52
6 27 18
6 28 98
6 29 -75
6 30 21
6 31 90
6 32 98
6 34 6
6 35 19
6 36 74
6 37 -97
6 38 33
6 39 -4
6 40 96
6 41 45
6 42 -38
6 43 17
6 44 73
6 45 -9
6 46 81
6 48 13
6 49 -64
6 50 94
6 51 -98
6 52 83
6 53 -64
6 54 -97
6 55 74
6 57 -86
6 58 -62
6 59 -91
6 60 25
6 61 88
6 62 1
6 63 57
6 65 -51
6 66 -16
6 67 67
6 68 62
6 71 28
6 73 22
6 74 63
6 75 -72
6 76 -10
6 78 -40
6 80 72
6 81 77
6 82 34
6 83 75
6 84 -54
6 86 -21
6 87 -11
6 88 -100
6 89 -43
6 90 55
6 91 -87
6 92 -19
6 93 -57
6 94 -50
6 95 85
6 97 -75
6 98 -19
6 99 28
7 8 4
7 9 -74
7 10 20
7 11 36
7 12 -96
7 14 -87
7 15 70
7 18 47
7 20 -9
7 21 21
7 22 -32
7 23 20
7 25 -56
7 27 68
7 28 -67
7 29 -33
7 30 3
7 32 72
7 33 48
7 35 -100
7 36 -50
7 37 96
7 38 8
7 41 -4
7 42 -19
7 43 23
7 44 -87
7 45 -18
7 46 21
7 47 -56
7 48 -79
7 49 32
7 53 19
7 54 -94
7 56 40
7 57 33
7 58 82
7 59 -23
7 62 3
7 63 -31
7 64 19
7 65 74
7 66 -3
7 67 -25
7 69 -28
7 70 -75
7 71 93
7 74 -41
7 75 -92
7 76 -26
7 77 -90
7 78 96
7 79 46
7 80 -20
7 81 -96
7 82 -19
7 83 25
7 84 8
7 85 -45
7 86 -62
7 87 29
7 88 -34
7 89 84
7 90 23
7 91 -76
7 92 -40
7 93 -11
7 94 -19
7 95 -62
7 96 40
7 97 50
7 98 -54
7 99 -28
8 10 -29
8 11 64
8 12 36
8 14 65
8 16 4
8 17 87
8 18 60
8 19 -24
8 20 -23
8 22 -50
8 23 30
8 24 -45
8 25 -46
8 27 -7
8 28 58
8 29 66
8 30 61
8 31 -87
8 32 19
8 33 70
8 35 45
8 36 85
8 37 -45
8 39 -19
8 40 58
8 41 -5
8 42 74
8 43 -62
8 44 -57
8 45 -76
8 47 -86
8 48 -19
8 49 19
8 50 -30
8 51 -67
8 52 -99
8 53 53
8 56 58
8 57 17
8 58 20
8 60 10
8 62 -36
8 63 39
8 64 -27
8 65 53
8 67 -93
8 69 69
8 70 -83
8 71 -78
8 72 -73
8 74 18
8 76 74
8 77 66
8 78 -30
8 79 62
8 80 -46
8 81 -27
8 82 92
8 83 67
8 84 -88
8 86 -92
8 89 60
8 90 -71
8 91 -81
8 92 20
8 93 -9
8 94 -99
8 95 74
8 96 81
8 97 -80
8 98 -92
8 99 45
9 10 83
9 13 61
9 14 61
9 15 -3
9 16 -84
9 17 79
9 18 -38
9 20 -99
9 21 60
9 22 25
9 25 -81
9 26 -20
9 27 53
9 28 83
9 31 72
9 33 72
9 34 92
9 35 -30
9 37 7
9 38 -95
9 39 96
9 40 -11
9 42 -90
9 43 42
9 45 -72
9 46 29
9 47 36
9 49 -21
9 50 -64
9 51 -10
9 52 -7
9 55 -19
9 56 29
9 57 17
9 58 36
9 59 -15
9 60 -37
9 61 10
9 63 -84
9 64 -38
9 66 98
9 67 -82
9 68 32
9 69 31
9 70 -88
9 73 25
9 74 96
9 75 -59
9 76 -48
9 77 96
9 78 -96
9 79 10
9 80 -85
9 81 89
9 82 44
9 83 -46
9 84 -90
9 85 -54
9 86 -79
9 87 28
9 88 -77
9 89 -55
9 92 -16
9 94 48
9 95 -72
9 96 -43
9 97 -11
9 99 4
10 11 -44
10 12 65
10 13 -56
10 15 15
10 17 77
10 20 -49
10 21 -40
10 22 -76
10 23 -39
10 24 35
10 25 -53
10 27 69
10 28 -13
10 29 -95
10 30 -92
10 32 -28
10 33 96
10 34 85
10 35 99
10 36 -59
10 38 61
10 39 50
10 40 75
10 41 -90
10 42 13
10 43 -78
10 44 48
10 45 46
10 46 -41
10 48 74
10 49 -18
10 50 -96
10 51 88
10 52 -44
10 54 -3
10 56 21
10 57 -94
10 58 -75
10 59 -10
10 60 0
10 61 23
10 62 12
10 63 31
10 65 -89
10 66 -62
10 68 43
10 69 -56
10 70 65
10 71 6
10 72 -48
10 73 88
10 74 27
10 75 -21
10 76 69
10 77 -43
10 80 -56
10 81 -23
10 82 21
10 83 -62
10 84 92
10 85 55
10 86 57
10 88 83
10 89 25
10 91 75
10 92 21
10 94 -79
10 95 -27
10 97 -87
10 98 21
10 99 -98
11 12 -74
11 13 -22
11 14 -4
11 16 -88
11 17 7
11 18 -87
11 20 53
11 22 -65
11 23 -30
11 24 16
11 25 25
11 27 68
11 28 47
11 29 -90
11 30 63
11 31 -2
11 32 96
11 33 -94
11 34 42
11 35 8
11 37 19
11 38 51
11 40 -9
11 42 -66
11 43 -94
11 44 -86
11 45 1
11 46 91
11 48 -88
11 49 91
11 50 -38
11 51 -74
11 52 -72
11 53 -56
11 54 6
11 55 46
11 56 -76
11 57 44
11 58 -10
11 59 81
11 61 -82
11 62 7
11 63 78
11 64 -90
11 65 -29
11 66 35
11 68 -69
11 69 93
11 70 59
11 71 3
11 72 45
11 73 71
11 74 49
11 75 47
11 76 98
11 77 85
11 78 -44
11 79 -61
11 81 32
11 82 -26
11 83 -73
11 84 -3
11 87 -69
11 88 -55
11 89 66
11 90 -40
11 91 -35
11 93 33
11 94 -30
11 95 97
11 96 36
11 97 -45
11 98 -37
11 99 -18
12 13 -52
12 15 68
12 16 -56
12 17 -46
12 18 46
12 19 44
12 20 -33
12 21 54
12 22 51
12 24 -8
12 25 83
12 27 -65
12 28 -1
12 31 -76
12 32 -99
12 35 54
12 36 6
12 37 -48
12 38 28
12 39 -4
12 40 -73
12 41 7
12 42 10
12 43 -67
12 45 -14
12 48 -2
12 49 60
12 50 -84
12 51 -71
12 53 46
12 54 -97
12 55 58
12 57 -22
12 58 40
12 59 -39
12 60 -7
12 61 95
12 62 -21
12 63 -32
12 64 62
12 65 -4
12 67 47
12 68 -24
12 69 38
12 70 -88
12 71 37
12 72 -99
12 73 71
12 74 31
12 75 75
12 76 -66
12 78 56
12 79 -82
12 80 -18
12 81 61
12 82 32
12 83 -28
12 85 -70
12 86 73
12 87 4
12 89 62
12 91 -55
12 93 71
12 94 -100
12 95 -21
12 96 60
12 98 1
12 99 43
13 14 39
13 15 -50
13 16 35
13 17 66
13 18 45
13 19 -48
13 20 -17
13 21 39
13 23 -3
13 24 -56
13 25 -17
13 26 93
13 27 79
13 28 -88
13 29 72
13 30 2
13 31 -44
13 32 -21
13 33 58
13 34 -7
13 35 31
13 37 59
13 38 16
13 39 32
13 40 82
13 41 80
13 43 66
13 44 -60
13 45 -59
13 47 22
13 48 90
13 49 -67
13 50 24
13 51 88
13 53 -43
13 54 -74
13 55 -25
13 57 -69
13 60 52
13 61 67
13 62 78
13 66 37
13 67 81
13 68 45
13 70 46
13 73 88
13 74 -28
13 76 -14
13 77 -86
13 78 -44
13 81 -16
13 82 -37
13 83 -12
13 85 5
13 86 100
13 88 -3
13 89 -85
13 90 -70
13 91 75
13 92 -34
13 94 82
13 96 39
13 98 15
14 17 -40
14 18 28
14 19 26
14 21 92
14 22 6
14 24 -76
14 25 98
14 26 -65
14 27 -13
14 28 97
14 29 -5
14 30 8
14 31 -31
14 32 88
14 33 19
14 35 -57
14 37 37
14 38 62
14 40 -33
14 41 4
14 42 -95
14 43 -1
14 44 46
14 46 66
14 47 1
14 49 -43
14 51 -89
14 52 -3
14 53 82
14 54 -26
14 55 89
14 56 -78
14 58 -60
14 60 67
14 61 67
14 62 98
14 63 -59
14 64 54
14 65 -62
14 66 -31
14 67 -4
14 68 -38
14 70 51
14 71 74
14 72 -65
14 73 -43
14 74 28
14 76 79
14 77 28
14 78 -44
14 79 60
14 80 21
14 81 0
14 82 -12
14 83 75
14 84 -61
14 85 49
14 87 92
14 88 56
14 89 -100
14 90 -33
14 91 24
14 92 -21
14 93 52
14 94 83
14 95 -99
14 96 47
14 97 -53
14 98 50
15 16 23
15 17 35
15 18 69
15 19 78
15 22 10
15 24 78
15 26 -78
15 28 -18
15 29 17
15 30 42
15 32 75
15 34 -62
15 35 22
15 36 35
15 38 -58
15 39 -60
15 40 82
15 41 32
15 43 -40
15 44 75
15 45 11
15 46 79
15 47 -11
15 48 -14
15 49 57
15 50 51
15 51 31
15 52 76
15 54 58
15 55 -88
15 57 99
15 58 32
15 59 20
15 60 -86
15 61 -12
15 62 26
15 63 -26
15 65 66
15 66 75
15 67 -11
15 68 85
15 69 -73
15 70 22
15 71 -27
15 72 8
15 73 -7
15 74 -27
15 75 56
15 76 -86
15 77 31
15 79 65
15 83 59
15 84 -71
15 87 33
15 88 -88
15 89 -76
15 90 27
15 91 -16
15 92 -52
15 93 -8
15 94 86
15 95 -19
15 96 -95
15 97 -27
15 98 2
15 99 -49
16 17 0
16 18 -72
16 19 10
16 20 46
16 21 -47
16 22 65
16 23 -95
16 24 -77
16 26 73
16 29 -4
16 30 23
16 31 -55
16 32 31
16 33 -45
16 35 15
16 36 96
16 37 -30
16 39 57
16 40 -32
16 42 -14
16 43 -48
16 44 -34
16 45 -49
16 46 48
16 49 33
16 50 92
16 51 -99
16 52 93
16 54 64
16 55 -35
16 57 44
16 58 -23
16 60 -61
16 61 -97
16 62 88
16 67 80
16 68 45
16 69 -27
16 70 78
16 71 33
16 72 55
16 73 -60
16 74 16
16 75 -62
16 76 -83
16 78 -87
16 80 -68
16 83 79
16 85 -52
16 87 -75
16 88 23
16 89 73
16 90 -69
16 91 -25
16 92 34
16 95 55
16 97 -77
16 98 -26
17 18 -16
17 19 48
17 22 79
17 23 -34
17 25 -70
17 26 84
17 27 48
17 28 -73
17 29 7
17 31 65
17 33 45
17 35 60
17 36 5
17 37 -45
17 38 6
17 39 66
17 41 -20
17 42 -51
17 44 5
17 45 73
17 46 -71
17 47 -93
17 48 -26
17 49 33
17 50 74
17 51 33
17 52 34
17 53 22
17 54 -82
17 55 90
17 57 2
17 58 -68
17 59 95
17 60 -43
17 61 -56
17 62 -4
17 63 9
17 64 46
17 65 31
17 66 -94
17 67 0
17 68 -89
17 69 -67
17 71 91
17 72 -31
17 73 87
17 74 15
17 75 54
17 76 33
17 78 23
17 79 -25
17 80 -82
17 81 -86
17 82 -47
17 83 -34
17 84 81
17 85 -32
17 86 -54
17 87 84
17 88 4
17 89 -30
17 90 -25
17 91 89
17 92 -20
17 93 80
17 94 54
17 95 -99
17 96 24
17 97 -46
17 98 -91
18 19 48
18 20 -84
18 21 -54
18 22 69
18 23 -94
18 24 -52
18 25 78
18 27 -80
18 28 -44
18 29 8
18 31 -23
18 32 -80
18 33 50
18 35 -48
18 36 -76
18 38 23
18 40 94
18 41 50
18 46 -76
18 47 63
18 48 22
18 49 -29
18 50 -5
18 51 -39
18 52 -53
18 53 -26
18 54 -12
18 55 -52
18 56 -31
18 57 44
18 58 -46
18 59 -80
18 60 24
18 61 25
18 63 -81
18 64 70
18 65 -9
18 66 -34
18 67 -32
18 68 -73
18 69 -65
18 70 -60
18 71 79
18 72 63
18 74 4
18 75 42
18 77 -60
18 78 -3
18 79 -36
18 81 -98
18 82 76
18 84 -61
18 85 -7
18 86 58
18 87 -74
18 88 -6
18 89 35
18 91 -55
18 92 -32
18 93 16
18 95 -29
18 97 18
18 98 10
19 20 -84
19 22 40
19 23 -69
19 24 16
19 25 -28
19 26 51
19 27 85
19 28 -84
19 29 -87
19 30 21
19 32 68
19 33 20
19 34 -58
19 35 82
19 38 -47
19 39 -24
19 40 27
19 41 -18
19 42 -34
19 43 -6
19 45 8
19 46 26
19 47 63
19 48 -7
19 49 1
19 50 -79
19 51 45
19 52 -5
19 53 -70
19 54 48
19 58 72
19 59 77
19 60 -57
19 62 -49
19 63 43
19 65 24
19 66 18
19 69 -94
19 70 87
19 71 35
19 72 -93
19 73 -14
19 74 -25
19 76 -96
19 77 6
19 78 19
19 79 -44
19 80 6
19 81 12
19 83 51
19 84 99
19 85 -51
19 87 7
19 88 42
19 89 38
19 90 -33
19 91 84
19 92 55
19 94 -92
19 95 5
19 96 82
19 97 87
19 98 51
19 99 64
20 23 71
20 24 75
20 25 -59
20 26 -52
20 27 43
20 28 88
20 29 95
20 31 -7
20 32 42
20 33 34
20 34 -19
20 35 5
20 37 12
20 38 -47
20 40 -47
20 42 34
20 43 -51
20 45 0
20 46 -42
20 48 99
20 49 10
20 50 -28
20 51 -98
20 53 71
20 54 -31
20 55 77
20 56 -41
20 57 -41
20 58 41
20 59 -47
20 60 46
20 61 -65
20 62 5
20 63 -43
20 64 38
20 66 -24
20 67 74
20 68 47
20 69 -24
20 70 2
20 71 -22
20 72 20
20 73 -99
20 75 -47
20 77 29
20 78 -10
20 79 60
20 80 46
20 81 72
20 82 53
20 83 10
20 84 -26
20 86 -29
20 88 -93
20 89 94
20 90 28
20 91 -47
20 92 69
20 93 84
20 96 17
20 97 -93
20 98 13
20 99 -67
21 22 52
21 23 -39
21 24 6
21 25 -3
21 26 37
21 28 12
21 29 -86
21 30 -57
21 31 75
21 32 77
21 33 31
21 34 100
21 35 14
21 36 -31
21 37 -71
21 38 31
21 39 39
21 40 -50
21 41 20
21 42 -20
21 43 -78
21 44 76
21 45 40
21 46 -51
21 47 76
21 49 -31
21 50 72
21 51 -22
21 52 -86
21 54 4
21 56 -85
21 57 2
21 58 -35
21 59 76
21 61 63
21 64 38
21 65 61
21 66 55
21 67 -91
21 68 70
21 69 84
21 70 14
21 71 21
21 72 91
21 73 32
21 74 -90
21 75 47
21 76 -21
21 77 92
21 78 80
21 79 11
21 80 -5
21 81 -24
21 82 -67
21 85 34
21 86 81
21 87 89
21 88 34
21 89 -32
21 90 -49
21 91 -93
21 92 54
21 93 49
21 94 70
21 95 -35
21 96 22
21 97 13
21 98 55
22 23 38
22 24 28
22 25 -31
22 27 -54
22 31 43
22 32 -43
22 34 68
22 35 -48
22 36 75
22 37 -50
22 38 96
22 39 36
22 40 37
22 41 -44
22 42 -60
22 43 94
22 44 -41
22 45 37
22 46 -67
22 47 96
22 48 18
22 49 73
22 50 -32
22 51 79
22 52 73
22 53 -31
22 55 41
22 57 -11
22 58 91
22 59 11
22 60 22
22 62 87
22 63 60
22 65 -87
22 66 -45
22 67 -38
22 68 -57
22 69 -8
22 70 -36
22 71 -79
22 72 64
22 73 -11
22 75 14
22 77 22
22 78 -38
22 79 33
22 80 -39
22 81 -84
22 83 32
22 84 70
22 85 75
22 86 -61
22 89 24
22 90 52
22 92 48
22 93 40
22 94 -29
22 95 52
22 96 -86
22 97 17
22 98 -42
22 99 -35
23 24 86
23 25 -90
23 26 -95
23 27 -67
23 28 25
23 29 -29
23 30 45
23 31 -22
23 32 88
23 34 -100
23 35 11
23 36 -13
23 37 -87
23 39 -25
23 40 96
23 41 -17
23 43 -63
23 44 -53
23 46 17
23 47 34
23 48 -93
23 50 -34
23 51 53
23 52 53
23 54 38
23 55 -6
23 56 -8
23 57 72
23 58 62
23 60 -31
23 61 -39
23 62 -31
23 63 -12
23 64 -74
23 65 19
23 66 9
23 67 57
23 68 -73
23 69 80
23 71 23
23 72 -42
23 73 60
23 74 -75
23 75 54
23 77 -46
23 78 17
23 79 94
23 80 9
23 82 -5
23 83 30
23 85 58
23 86 -18
23 87 56
23 88 2
23 89 -47
23 90 20
23 93 93
23 94 -43
23 95 -76
23 96 -73
23 97 95
23 98 -61
23 99 52
24 25 -75
24 26 67
24 28 -84
24 29 13
24 30 -80
24 31 -42
24 32 47
24 33 54
24 34 -43
24 35 -92
24 36 -52
24 37 -11
24 39 -42
24 40 -78
24 41 -88
24 43 -52
24 45 -43
24 46 46
24 47 24
24 49 64
24 50 20
24 52 -23
24 53 -68
24 54 -2
24 55 -21
24 57 80
24 58 85
24 59 77
24 60 47
24 61 39
24 62 -67
24 64 -80
24 65 -20
24 66 31
24 68 -96
24 69 90
24 70 -2
24 72 6
24 73 66
24 75 63
24 77 -47
24 80 -57
24 81 60
24 84 78
24 85 -43
24 86 52
24 87 61
24 88 70
24 89 69
24 91 -52
24 92 45
24 93 64
24 94 53
24 95 -44
24 96 -75
24 98 24
24 99 -53
25 26 87
25 27 -34
25 28 -7
25 29 34
25 31 48
25 32 -30
25 33 -95
25 36 99
25 37 -24
25 38 -40
25 40 -71
25 41 -26
25 42 -17
25 44 -15
25 45 5
25 46 62
25 47 -8
25 48 97
25 50 -39
25 51 89
25 52 -93
25 53 -7
25 54 12
25 55 86
25 57 14
25 59 100
25 60 -21
25 62 18
25 63 -43
25 64 -14
25 65 -16
25 67 -35
25 68 88
25 69 -18
25 70 -94
25 71 55
25 72 64
25 73 -86
25 74 -15
25 75 -81
25 76 -43
25 78 -60
25 79 -81
25 80 -8
25 81 -61
25 82 76
25 83 99
25 84 83
25 86 54
25 87 -97
25 88 67
25 89 29
25 91 -29
25 94 -68
25 96 -34
25 97 -82
25 98 23
25 99 -54
26 29 100
26 30 -33
26 31 -48
26 32 11
26 33 -60
26 34 -36
26 35 58
26 36 -42
26 38 76
26 39 51
26 40 69
26 42 26
26 43 -10
26 44 -33
26 45 -84
26 46 70
26 47 2
26 48 -5
26 49 81
26 50 -5
26 51 -34
26 52 -20
26 53 50
26 54 71
26 55 -58
26 56 -90
26 57 90
26 58 -75
26 59 -19
26 60 40
26 61 -61
26 62 80
26 63 76
26 64 -87
26 65 1
26 67 61
26 68 89
26 69 1
26 70 -35
26 71 -2
26 72 -17
26 74 -99
26 75 12
26 76 67
26 77 -15
26 78 -24
26 79 76
26 81 -65
26 82 43
26 83 -55
26 84 -76
26 86 62
26 87 97
26 88 6
26 89 -42
26 90 -97
26 91 61
26 92 -64
26 93 -49
26 94 49
26 96 90
26 97 -5
26 98 2
26 99 -59
27 30 30
27 31 32
27 32 -68
27 33 -37
27 34 -23
27 35 -84
27 36 43
27 37 57
27 38 77
27 39 100
27 41 -87
27 42 -27
27 43 18
27 44 3
27 45 13
27 46 64
27 47 -21
27 48 -76
27 49 65
27 50 69
27 52 -57
27 53 -92
27 54 69
27 55 -81
27 56 23
27 58 71
27 60 -79
27 61 -37
27 62 -57
27 63 -46
27 64 -96
27 65 -48
27 66 90
27 67 75
27 69 -32
27 70 -91
27 71 -4
27 72 -24
27 73 -97
27 74 85
27 75 71
27 77 84
27 79 -65
27 80 -40
27 81 -25
27 82 -18
27 83 12
27 84 80
27 85 -18
27 87 70
27 89 16
27 91 15
27 92 -100
27 93 -73
27 94 -42
27 95 -99
27 96 -26
27 97 46
27 99 -12
28 29 53
28 30 82
28 31 -75
28 32 -33
28 33 -78
28 34 44
28 35 -93
28 36 -65
28 37 69
28 38 48
28 39 20
28 40 -58
28 41 -53
28 43 -49
28 44 -43
28 45 -9
28 47 -37
28 48 -75
28 50 86
28 51 -50
28 52 30
28 53 14
28 54 3
28 55 79
28 56 3
28 57 88
28 59 -33
28 60 -86
28 61 -24
28 62 2
28 64 -74
28 66 15
28 67 -83
28 68 -55
28 69 40
28 70 -37
28 71 61
28 72 -56
28 74 97
28 75 -3
28 76 -67
28 77 72
28 78 -44
28 81 25
28 82 -25
28 83 -53
28 84 11
28 85 1
28 86 20
28 87 -34
28 88 44
28 90 100
28 91 49
28 94 92
28 96 85
28 97 57
28 98 -28
28 99 -62
29 30 73
29 31 92
29 32 4
29 33 50
29 34 74
29 35 -47
29 36 -86
29 37 78
29 38 34
29 40 92
29 41 -9
29 42 99
29 43 97
29 44 -98
29 45 -45
29 46 -9
29 47 66
29 48 82
29 49 24
29 50 -83
29 51 -32
29 52 -41
29 55 97
29 56 -58
29 57 24
29 58 77
29 60 -26
29 61 57
29 63 30
29 64 17
29 65 -21
29 67 -8
29 68 -31
29 70 -86
29 72 81
29 73 26
29 74 -52
29 76 65
29 77 21
29 78 88
29 79 -36
29 80 83
29 81 36
29 82 23
29 83 53
29 84 0
29 85 92
29 86 14
29 87 3
29 88 -25
29 89 82
29 90 -95
29 92 -10
29 93 -47
29 94 67
29 95 -56
29 96 49
29 97 75
29 98 -62
29 99 -75
30 33 52
30 34 -37
30 35 -72
30 36 65
30 37 -36
30 38 100
30 39 75
30 40 69
30 41 -24
30 42 22
30 43 -25
30 45 9
30 46 91
30 47 -1
30 48 -68
30 49 -60
30 50 61
30 52 74
30 54 93
30 55 31
30 56 -33
30 57 -23
30 58 -37
30 59 84
30 60 39
30 61 47
30 62 5
30 64 8
30 65 -18
30 67 51
30 68 -57
30 69 -95
30 70 -30
30 71 -80
30 72 -53
30 73 -15
30 75 -11
30 78 42
30 79 -67
30 80 -34
30 82 60
30 83 -1
30 84 54
30 85 72
30 87 -100
30 88 53
30 90 48
30 91 -52
30 93 -6
30 94 97
30 96 -22
30 97 20
30 99 -35
31 32 -53
31 33 93
31 34 63
31 37 -88
31 38 -63
31 39 -62
31 40 60
31 41 57
31 43 26
31 44 39
31 45 7
31 46 -12
31 47 29
31 49 21
31 50 25
31 51 82
31 53 -46
31 55 22
31 56 -35
31 57 52
31 58 40
31 59 42
31 61 7
31 62 -35
31 63 8
31 64 -55
31 65 60
31 66 -36
31 68 -34
31 69 -64
31 71 17
31 72 -40
31 73 -61
31 74 -91
31 75 2
31 77 98
31 78 46
31 80 68
31 81 -48
31 83 58
31 84 17
31 85 65
31 86 -5
31 88 78
31 89 -31
31 90 90
31 91 -44
31 93 15
31 95 64
31 97 87
31 98 68
31 99 41
32 33 -9
32 34 26
32 35 -99
32 36 66
32 37 -85
32 39 -14
32 40 28
32 41 73
32 42 -92
32 44 16
32 45 78
32 47 45
32 48 -94
32 49 -97
32 51 -89
32 52 -51
32 53 48
32 55 92
32 56 58
32 57 -84
32 58 -77
32 59 -84
32 60 -75
32 61 -56
32 62 68
32 63 48
32 65 57
32 66 -89
32 67 66
32 68 -54
32 69 64
32 70 40
32 71 -16
32 73 -100
32 74 88
32 75 82
32 77 90
32 79 57
32 80 38
32 81 -58
32 83 41
32 84 -86
32 85 47
32 86 18
32 88 47
32 90 -16
32 92 46
32 93 5
32 94 -60
32 95 36
32 96 74
32 97 48
32 98 93
32 99 -43
33 35 98
33 37 73
33 38 10
33 40 -90
33 41 59
33 42 33
33 43 69
33 44 -44
33 45 10
33 47 69
33 48 -73
33 49 20
33 50 27
33 51 -36
33 52 -2
33 54 17
33 55 50
33 56 45
33 57 -75
33 58 -89
33 59 43
33 60 -55
33 62 40
33 63 76
33 64 -25
33 65 -6
33 66 -4
33 67 -33
33 68 -91
33 69 93
33 70 -54
33 72 48
33 73 35
33 74 -51
33 75 -21
33 78 -72
33 79 22
33 80 -9
33 81 75
33 82 99
33 83 -79
33 85 -90
33 86 59
33 87 -20
33 88 38
33 89 -84
33 90 5
33 92 30
33 93 -54
33 94 65
33 95 -13
33 96 26
33 97 67
33 98 94
34 35 -4
34 36 41
34 38 91
34 39 -85
34 40 55
34 42 25
34 43 -83
34 45 60
34 46 -100
34 47 41
34 48 -83
34 50 1
34 51 20
34 52 89
34 53 -39
34 54 -72
34 55 90
34 57 -19
34 58 51
34 60 95
34 61 37
34 63 -63
34 64 22
34 65 51
34 66 -17
34 67 95
34 68 93
34 69 -20
34 70 26
34 72 76
34 74 93
34 75 78
34 76 35
34 77 -9
34 79 10
34 80 -13
34 81 -5
34 82 -32
34 83 -65
34 84 75
34 85 79
34 86 61
34 87 32
34 88 -90
34 89 -93
34 91 10
34 92 88
34 93 100
34 94 -49
34 95 13
34 96 -37
34 99 36
35 36 78
35 37 4
35 38 -92
35 40 -61
35 42 88
35 43 46
35 45 32
35 46 -21
35 47 -39
35 49 55
35 50 9
35 51 41
35 52 20
35 53 -15
35 54 -92
35 55 80
35 56 -28
35 57 29
35 58 91
35 59 -37
35 61 -54
35 62 26
35 63 78
35 64 -30
35 65 -24
35 66 57
35 68 -53
35 69 -9
35 70 -23
35 71 -64
35 72 -81
35 73 -99
35 76 -40
35 77 39
35 78 36
35 79 78
35 80 17
35 81 -15
35 82 -20
35 83 -49
35 85 71
35 86 24
35 87 -74
35 88 82
35 90 89
35 92 -86
35 93 -1
35 94 -10
35 95 15
35 97 16
35 98 -94
35 99 50
36 37 -31
36 38 51
36 39 6
36 40 -84
36 41 41
36 42 57
36 43 -14
36 44 -54
36 46 32
36 48 -59
36 49 59
36 50 14
36 51 -59
36 52 -1
36 53 46
36 54 94
36 55 62
36 56 36
36 57 3
36 58 56
36 59 17
36 60 94
36 61 9
36 62 81
36 64 44
36 65 59
36 67 -12
36 68 58
36 70 -59
36 71 -46
36 72 68
36 74 45
36 77 89
36 80 -56
36 81 -51
36 82 -93
36 83 83
36 84 28
36 85 64
36 86 -81
36 87 -70
36 88 -25
36 89 94
36 90 -45
36 91 -50
36 92 88
36 93 -1
36 94 -73
36 95 -99
36 96 0
36 97 -28
36 98 12
36 99 49
37 38 -25
37 39 78
37 40 -14
37 41 16
37 42 93
37 43 -73
37 44 -29
37 46 24
37 47 -27
37 48 94
37 49 47
37 51 77
37 53 -76
37 54 86
37 55 80
37 56 -69
37 58 30
37 59 35
37 61 7
37 63 28
37 64 67
37 65 59
37 68 78
37 69 32
37 70 46
37 72 -38
37 75 -28
37 76 71
37 77 65
37 78 -32
37 79 -54
37 80 55
37 81 86
37 82 35
37 83 63
37 85 23
37 88 -22
37 89 -26
37 91 -1
37 92 90
37 93 7
37 94 -29
37 95 -84
37 97 -47
37 98 -28
38 39 29
38 40 -92
38 41 -67
38 42 -88
38 43 25
38 44 22
38 45 -59
38 46 15
38 47 68
38 48 -98
38 49 54
38 50 -57
38 51 -46
38 52 -16
38 54 -9
38 56 -59
38 57 -54
38 59 7
38 60 -53
38 61 -40
38 63 37
38 64 -46
38 66 52
38 67 -23
38 69 56
38 70 65
38 71 14
38 72 -42
38 73 96
38 74 94
38 75 -63
38 77 -5
38 78 -92
38 79 -14
38 80 -67
38 83 -76
38 84 79
38 85 41
38 86 21
38 87 -98
38 88 5
38 89 35
38 90 -57
38 91 -57
38 92 90
38 93 -45
38 97 -35
38 98 7
38 99 50
39 40 44
39 41 -1
39 42 18
39 43 -51
39 46 -94
39 47 54
39 48 75
39 49 15
39 50 -46
39 51 80
39 52 91
39 54 29
39 56 -62
39 58 -77
39 61 30
39 63 -34
39 64 -37
39 65 -21
39 66 -75
39 67 60
39 69 -63
39 70 -91
39 72 -60
39 73 -94
39 74 42
39 75 -94
39 76 -10
39 79 -31
39 80 -69
39 81 27
39 83 61
39 84 56
39 85 12
39 86 41
39 87 -82
39 88 7
39 89 -88
39 91 -63
39 92 -81
39 93 -55
39 95 41
39 96 41
39 97 -2
39 98 -49
40 41 6
40 42 58
40 43 68
40 44 -63
40 45 -2
40 47 84
40 48 26
40 49 51
40 50 -38
40 51 -56
40 52 -97
40 53 57
40 54 -66
40 55 85
40 58 49
40 59 95
40 61 41
40 62 -61
40 64 94
40 65 -29
40 66 93
40 69 -13
40 70 86
40 71 100
40 72 -88
40 73 -26
40 74 8
40 76 17
40 77 51
40 78 -30
40 79 6
40 80 16
40 81 98
40 82 63
40 83 40
40 84 10
40 85 -5
40 87 -2
40 88 87
40 89 50
40 90 61
40 91 99
40 92 -44
40 94 89
40 95 -91
40 96 -53
40 97 -30
40 98 25
40 99 45
41 43 -18
41 44 -73
41 45 18
41 48 -25
41 49 6
41 50 99
41 51 -53
41 52 87
41 53 68
41 54 7
41 55 -29
41 57 38
41 58 89
41 59 -33
41 60 -35
41 61 -22
41 62 85
41 63 -27
41 64 -14
41 65 72
41 66 -49
41 67 -4
41 70 -56
41 71 62
41 72 2
41 73 92
41 75 -64
41 76 -97
41 77 -37
41 78 96
41 79 -65
41 80 39
41 82 71
41 83 17
41 84 -66
41 86 -63
41 87 -46
41 89 -1
41 90 4
41 91 -13
41 92 -61
41 93 -53
41 94 -92
41 95 20
41 96 40
41 97 -12
41 98 91
41 99 39
42 43 14
42 44 -56
42 45 81
42 47 5
42 48 18
42 49 -17
42 50 76
42 51 -59
42 52 4
42 53 44
42 55 -95
42 57 -98
42 58 -18
42 59 25
42 61 -37
42 62 55
42 63 85
42 64 -15
42 65 61
42 66 0
42 67 -46
42 68 -35
42 69 32
42 70 46
42 71 63
42 72 55
42 73 54
42 74 -90
42 75 38
42 76 -99
42 77 -41
42 79 69
42 80 -3
42 81 -48
42 82 63
42 83 -62
42 84 67
42 85 67
42 86 6
42 87 25
42 88 -89
42 89 -80
42 90 -2
42 92 52
42 93 92
42 94 5
42 95 -31
42 97 -83
42 98 -63
42 99 65
43 44 -34
43 45 -6
43 46 59
43 47 -84
43 48 -26
43 49 81
43 50 90
43 51 -91
43 52 19
43 53 -78
43 54 34
43 55 -14
43 58 -26
43 59 -10
43 60 -86
43 62 -21
43 63 -88
43 64 -77
43 66 -24
43 67 0
43 68 61
43 69 -6
43 70 -18
43 71 -57
43 72 -82
43 73 38
43 74 88
43 75 -87
43 78 -23
43 79 -61
43 80 -37
43 81 -23
43 82 46
43 83 -82
43 84 -35
43 85 42
43 86 86
43 87 16
43 88 -79
43 89 86
43 90 -36
43 91 49
43 92 55
43 93 16
43 94 -44
43 95 76
43 96 -70
43 97 100
43 98 -48
43 99 31
44 45 -12
44 46 74
44 47 -17
44 48 34
44 49 51
44 50 65
44 51 -90
44 52 -61
44 53 -7
44 55 -54
44 56 42
44 57 -11
44 58 -81
44 59 -58
44 60 -26
44 61 48
44 62 -22
44 63 2
44 64 -89
44 65 -55
44 66 -21
44 67 -30
44 69 65
44 70 9
44 71 -29
44 72 28
44 73 -65
44 74 -35
44 75 -45
44 76 100
44 77 91
44 78 16
44 79 -35
44 80 -63
44 81 -36
44 82 -81
44 84 35
44 86 -72
44 87 15
44 88 -10
44 90 -77
44 93 -21
44 94 -89
44 95 25
44 96 3
44 99 -63
45 46 99
45 47 -55
45 48 92
45 49 -99
45 51 -56
45 52 56
45 53 -5
45 54 8
45 55 -94
45 56 -69
45 57 27
45 58 82
45 59 -11
45 60 1
45 62 77
45 64 -8
45 65 -92
45 66 -32
45 68 -74
45 69 64
45 71 -48
45 72 14
45 73 10
45 75 -39
45 77 -77
45 78 88
45 80 91
45 81 -63
45 82 -35
45 83 37
45 84 60
45 85 56
45 86 -53
45 87 -56
45 89 63
45 91 -25
45 92 11
45 94 -19
45 95 80
45 96 47
45 97 99
45 98 95
46 47 12
46 48 43
46 49 9
46 50 -99
46 51 -8
46 52 94
46 53 65
46 54 -36
46 55 -48
46 56 49
46 57 99
46 58 -57
46 59 -50
46 60 -77
46 61 -44
46 62 -42
46 63 -6
46 64 -68
46 65 -76
46 66 -100
46 68 -11
46 69 -98
46 70 -65
46 71 -52
46 72 83
46 74 -23
46 75 -52
46 76 53
46 78 -78
46 79 -26
46 80 4
46 81 -31
46 82 87
46 83 -25
46 85 47
46 87 -10
46 90 -14
46 91 -48
46 92 2
46 93 -31
46 94 41
46 95 54
46 96 -33
46 97 -61
46 98 23
47 48 39
47 49 -30
47 50 98
47 51 -33
47 53 22
47 54 23
47 55 47
47 56 51
47 58 -20
47 59 37
47 60 54
47 61 -52
47 62 76
47 63 68
47 64 -47
47 65 29
47 66 -54
47 67 40
47 68 17
47 69 -54
47 70 -35
47 71 93
47 72 86
47 73 -43
47 74 36
47 75 -50
47 76 49
47 78 33
47 79 -55
47 80 -51
47 81 46
47 82 10
47 83 -41
47 84 -17
47 85 60
47 86 -36
47 89 62
47 91 57
47 92 25
47 93 26
47 94 -32
47 95 27
47 96 -70
47 97 -77
47 99 -14
48 49 -30
48 50 82
48 51 41
48 52 -98
48 54 34
48 55 71
48 56 -15
48 58 63
48 59 -64
48 60 88
48 61 97
48 62 -24
48 63 -66
48 64 -31
48 66 33
48 67 0
48 68 -31
48 70 -25
48 71 -31
48 72 82
48 73 51
48 74 67
48 75 86
48 76 -98
48 77 30
48 78 63
48 81 22
48 82 20
48 83 57
48 84 46
48 85 15
48 87 25
48 88 76
48 89 62
48 90 -39
48 91 87
48 93 -97
48 95 43
48 97 -91
48 98 -57
48 99 24
49 50 -1
49 51 0
49 53 -44
49 54 79
49 55 -26
49 56 19
49 57 -48
49 58 98
49 59 75
49 60 35
49 61 -41
49 62 -19
49 63 -76
49 66 -40
49 67 47
49 68 84
49 70 92
49 71 31
49 72 58
49 74 -44
49 75 -54
49 76 42
49 77 31
49 78 15
49 79 -27
49 81 -16
49 82 32
49 84 -32
49 86 -59
49 87 -59
49 90 5
49 93 53
49 95 54
49 96 83
49 97 -71
49 98 42
49 99 41
50 53 99
50 55 -19
50 56 -42
50 57 -20
50 58 29
50 59 -22
50 60 96
50 61 8
50 62 -75
50 63 60
50 64 -61
50 65 95
50 66 -88
50 67 -22
50 69 -61
50 70 -81
50 71 -52
50 72 -33
50 73 -5
50 74 45
50 75 24
50 76 -98
50 77 6
50 78 -2
50 79 61
50 81 43
50 82 -90
50 83 -62
50 84 -62
50 86 -75
50 87 49
50 88 38
50 89 100
50 90 -95
50 92 -92
50 93 93
50 94 2
50 96 -66
50 97 -97
50 99 5
51 52 -3
51 53 100
51 54 57
51 55 -98
51 57 73
51 58 61
51 59 50
51 60 48
51 61 83
51 63 27
51 64 -100
51 66 -59
51 67 11
51 68 69
51 69 -64
51 70 61
51 71 61
51 74 -34
51 75 75
51 76 -37
51 77 -34
51 78 18
51 79 -3
51 80 17
51 81 -73
51 83 99
51 84 -24
51 86 27
51 87 69
51 88 0
51 89 -67
51 90 -11
51 91 -11
51 92 -86
51 93 -63
51 94 57
51 95 86
51 97 -84
51 98 83
51 99 25
52 54 -72
52 56 -77
52 58 -65
52 59 45
52 61 -87
52 62 -64
52 63 85
52 64 54
52 65 65
52 66 -14
52 67 87
52 68 42
52 69 -27
52 71 60
52 72 84
52 74 -84
52 75 2
52 76 48
52 77 40
52 78 -88
52 79 98
52 80 69
52 81 7
52 82 -27
52 83 42
52 84 2
52 85 19
52 86 -73
52 87 -37
52 88 -6
52 89 85
52 91 -40
52 92 58
52 93 -14
52 94 63
52 95 68
52 96 39
52 97 40
52 98 -36
52 99 -20
53 55 -72
53 56 29
53 57 59
53 58 89
53 59 81
53 60 25
53 61 -39
53 63 -28
53 65 -22
53 66 -79
53 67 51
53 68 7
53 69 -8
53 70 -23
53 72 -76
53 73 -98
53 74 10
53 75 13
53 76 -6
53 77 41
53 78 -29
53 79 94
53 82 40
53 83 -21
53 85 84
53 88 45
53 89 -67
53 91 -83
53 92 39
53 93 64
53 94 35
53 95 -96
53 96 -23
53 97 -87
53 98 -97
53 99 -69
54 58 95
54 59 -7
54 61 99
54 62 36
54 64 98
54 66 -80
54 67 -33
54 69 60
54 70 -25
54 71 -10
54 73 -20
54 74 -14
54 76 77
54 77 -62
54 78 -44
54 80 -20
54 81 -24
54 82 61
54 83 36
54 84 -62
54 85 -34
54 86 -90
54 88 -49
54 89 33
54 90 82
54 91 -12
54 92 -59
54 93 13
54 94 -39
54 95 -88
54 98 47
54 99 14
55 56 -43
55 57 -73
55 58 -96
55 59 79
55 60 -13
55 61 14
55 62 -36
55 63 99
55 64 -51
55 65 -64
55 66 -21
55 67 -27
55 68 -21
55 70 95
55 71 40
55 72 -63
55 73 -83
55 74 -34
55 75 20
55 77 65
55 79 6
55 80 35
55 81 52
55 82 -73
55 83 80
55 84 -67
55 85 -32
55 86 30
55 87 74
55 88 24
55 89 -38
55 91 83
55 92 96
55 93 64
55 94 98
55 95 -76
55 98 -41
55 99 -82
56 57 -13
56 59 27
56 60 -24
56 61 15
56 63 -16
56 65 47
56 66 -70
56 67 -37
56 68 62
56 69 30
56 70 78
56 71 -9
56 72 -31
56 73 62
56 74 -9
56 75 -78
56 76 43
56 77 95
56 78 49
56 79 5
56 80 -49
56 81 81
56 82 -55
56 83 -72
56 84 -21
56 86 -19
56 87 -3
56 88 -38
56 89 56
56 90 -45
56 92 56
56 93 78
56 94 -14
56 95 95
56 96 78
56 97 41
56 99 -70
57 58 94
57 59 58
57 60 -76
57 61 28
57 62 85
57 63 -65
57 64 60
57 66 -23
57 67 40
57 69 -1
57 71 -67
57 72 18
57 73 -24
57 74 -44
57 75 18
57 76 8
57 77 99
57 78 78
57 79 -12
57 81 47
57 82 -12
57 84 61
57 85 48
57 87 -72
57 88 75
57 89 -7
57 91 -52
57 92 37
57 93 -14
57 94 -47
57 95 -73
57 96 31
57 97 -53
57 98 -77
57 99 42
58 59 -23
58 60 62
58 61 -93
58 62 -60
58 63 -17
58 64 -28
58 65 -9
58 66 -40
58 67 -7
58 69 73
58 70 53
58 71 -53
58 74 -41
58 75 21
58 76 -74
58 77 97
58 79 7
58 81 40
58 82 9
58 83 -42
58 84 55
58 85 88
58 86 -29
58 87 3
58 88 13
58 89 -17
58 90 -36
58 91 -11
58 92 -89
58 93 66
58 94 -29
58 95 -50
58 96 -25
58 97 95
58 98 90
58 99 -15
59 60 3
59 61 82
59 62 -11
59 64 89
59 65 81
59 67 -34
59 68 -94
59 69 43
59 70 48
59 72 38
59 74 -53
59 75 65
59 76 49
59 78 -55
59 79 6
59 80 25
59 83 41
59 84 71
59 86 -93
59 87 62
59 88 58
59 89 -76
59 90 -26
59 92 77
59 93 8
59 95 -100
59 97 -15
59 98 13
59 99 50
60 61 -12
60 62 -17
60 64 -64
60 65 87
60 66 15
60 67 25
60 68 -68
60 69 -71
60 70 -84
60 72 -43
60 73 -3
60 74 -84
60 75 34
60 76 62
60 77 -48
60 78 37
60 79 47
60 83 86
60 86 -3
60 87 -44
60 89 -57
60 90 29
60 91 -61
60 92 -82
60 93 -66
60 94 81
60 95 -76
60 97 -67
61 62 -70
61 63 96
61 64 -25
61 66 -59
61 67 83
61 68 -48
61 72 -39
61 74 99
61 75 91
61 76 -38
61 77 -30
61 78 -51
61 79 94
61 80 14
61 81 23
61 82 27
61 83 -66
61 84 -36
61 86 87
61 87 -37
61 89 16
61 90 -19
61 91 -23
61 92 -82
61 93 2
61 94 1
61 96 45
61 97 17
61 98 11
61 99 6
62 63 34
62 64 -83
62 65 -28
62 66 47
62 67 20
62 68 30
62 69 -69
62 70 -21
62 72 18
62 73 84
62 74 -17
62 75 29
62 76 28
62 77 42
62 78 70
62 79 -35
62 81 -54
62 83 -92
62 84 -32
62 85 4
62 86 67
62 87 45
62 88 -99
62 89 81
62 90 88
62 91 58
62 92 -18
62 93 36
62 94 56
62 95 5
62 96 24
62 97 -13
62 98 -80
62 99 59
63 64 22
63 65 -94
63 66 -37
63 68 -14
63 69 11
63 70 -31
63 74 -41
63 76 50
63 78 -8
63 79 -13
63 80 55
63 81 -63
63 82 -25
63 83 -12
63 84 87
63 87 -94
63 88 77
63 89 -33
63 90 -88
63 91 -32
63 92 64
63 93 -5
63 94 -93
63 96 -46
63 97 -45
63 98 -26
63 99 6
64 66 16
64 68 -38
64 69 53
64 70 -35
64 71 -65
64 72 -5
64 73 74
64 74 73
64 75 -75
64 76 -50
64 77 72
64 78 15
64 79 -23
64 81 -50
64 82 -32
64 83 49
64 84 -98
64 85 -22
64 86 63
64 87 -79
64 88 -3
64 89 76
64 91 -72
64 92 21
64 94 81
64 95 9
64 96 33
64 97 -10
64 98 37
65 66 85
65 67 9
65 68 52
65 69 -16
65 72 -57
65 73 52
65 75 -55
65 76 32
65 77 -75
65 78 49
65 79 -84
65 81 -14
65 82 -82
65 83 -6
65 84 93
65 85 49
65 86 -56
65 87 -22
65 88 10
65 89 36
65 90 -89
65 91 -42
65 92 82
65 94 3
65 95 3
65 96 8
65 98 55
65 99 92
66 68 -78
66 69 -54
66 74 -22
66 76 -61
66 77 -19
66 79 -92
66 80 39
66 81 -19
66 86 -19
66 87 98
66 88 99
66 89 42
66 90 84
66 93 97
66 95 -30
66 96 -83
66 97 82
66 98 49
66 99 23
67 68 26
67 69 -37
67 70 -71
67 71 -72
67 73 -82
67 74 -69
67 75 80
67 76 -20
67 77 53
67 78 17
67 79 66
67 80 28
67 81 38
67 83 -95
67 84 -5
67 85 -23
67 86 28
67 87 32
67 90 -27
67 96 46
67 97 43
67 98 -76
67 99 1
68 69 -70
68 70 73
68 71 65
68 72 97
68 73 -81
68 74 -99
68 75 70
68 76 50
68 77 18
68 78 -61
68 80 79
68 81 -24
68 82 34
68 83 -57
68 84 -13
68 85 -89
68 86 -46
68 87 -57
68 88 -98
68 90 -42
68 91 9
68 92 -93
68 93 -52
68 94 -96
68 95 29
68 97 -43
68 99 9
69 71 -88
69 72 -42
69 73 -7
69 74 -30
69 75 -12
69 76 -49
69 78 16
69 79 -10
69 80 -14
69 83 -42
69 84 35
69 86 3
69 87 6
69 89 -47
69 91 96
69 92 -33
69 93 -100
69 94 -3
69 95 61
69 99 78
70 71 -56
70 72 37
70 73 33
70 76 -27
70 77 -44
70 78 -57
70 79 -29
70 80 -79
70 82 -67
70 83 -36
70 84 90
70 85 -4
70 86 85
70 87 -66
70 89 87
70 91 12
70 92 -51
70 94 -61
70 95 64
70 96 66
70 98 85
71 72 -60
71 73 -27
71 75 61
71 76 98
71 77 24
71 78 -63
71 79 69
71 80 -11
71 82 -65
71 83 -71
71 84 -63
71 85 -100
71 86 70
71 87 30
71 89 51
71 90 6
71 91 35
71 92 -86
71 93 72
71 94 62
71 95 -22
71 96 10
71 98 54
71 99 25
72 73 53
72 74 -80
72 75 -75
72 76 -25
72 77 -2
72 79 0
72 82 48
72 84 29
72 85 -9
72 86 78
72 87 -19
72 88 50
72 89 -22
72 90 53
72 91 82
72 92 12
72 93 -31
72 94 -23
72 96 -63
72 97 2
72 98 -66
72 99 -15
73 74 -53
73 75 77
73 76 11
73 77 -16
73 78 27
73 80 -69
73 81 50
73 82 4
73 83 16
73 85 -56
73 86 44
73 87 14
73 88 -78
73 89 53
73 91 -10
73 92 22
73 95 -68
73 97 46
73 98 -9
73 99 -9
74 75 -90
74 76 5
74 77 74
74 79 71
74 80 -14
74 81 -48
74 82 34
74 83 91
74 84 85
74 86 56
74 88 82
74 89 -93
74 91 44
74 92 -11
74 93 26
74 94 49
74 95 99
74 96 39
74 98 -53
75 80 -53
75 81 -49
75 83 -84
75 84 -82
75 85 -59
75 86 87
75 87 -7
75 88 88
75 89 2
75 90 88
75 91 55
75 92 -58
75 93 -32
75 95 -5
75 98 -88
75 99 -24
76 77 69
76 78 -26
76 80 46
76 82 -2
76 83 78
76 85 -98
76 86 -79
76 87 20
76 88 -59
76 89 -78
76 90 -42
76 91 -3
76 92 39
76 93 98
76 94 -93
76 96 50
76 97 -24
76 98 -15
76 99 -54
77 78 29
77 79 -34
77 80 -48
77 81 -29
77 82 8
77 83 71
77 85 -57
77 86 9
77 88 87
77 89 -74
77 90 16
77 92 29
77 93 -10
77 94 72
77 95 85
77 96 -72
77 97 48
77 98 -84
77 99 -15
78 80 87
78 82 -76
78 83 -77
78 84 28
78 85 64
78 86 -36
78 87 47
78 88 40
78 89 -95
78 90 -21
78 91 -45
78 92 62
78 93 -26
78 94 68
78 95 -76
78 96 98
78 97 71
78 98 -40
78 99 1
79 80 63
79 81 -53
79 82 99
79 83 -46
79 84 63
79 85 14
79 86 7
79 87 -97
79 88 -6
79 89 52
79 90 -90
79 91 43
79 94 24
79 95 -32
79 96 -35
79 98 -48
79 99 76
80 85 -11
80 86 0
80 87 -47
80 88 30
80 89 -5
80 90 92
80 95 12
80 96 28
80 98 64
81 82 -14
81 83 20
81 84 52
81 85 35
81 86 56
81 87 -92
81 88 -33
81 89 99
81 90 84
81 91 48
81 92 73
81 94 -5
81 95 86
81 96 30
81 98 63
81 99 96
82 83 98
82 84 -17
82 85 -69
82 87 -80
82 89 25
82 91 21
82 94 -31
82 95 1
82 96 2
82 99 -66
83 84 3
83 85 38
83 86 98
83 88 -94
83 90 31
83 91 42
83 92 93
83 93 -8
83 94 12
83 95 22
83 96 -12
83 97 71
83 98 5
83 99 43
84 86 -1
84 87 -3
84 88 91
84 89 62
84 90 74
84 91 99
84 92 98
84 93 93
84 95 -14
84 98 15
84 99 -38
85 86 -59
85 87 -68
85 88 -15
85 89 91
85 90 42
85 94 10
85 95 83
85 96 -44
85 98 -40
85 99 -61
86 87 -15
86 88 72
86 89 69
86 90 20
86 91 -95
86 92 -89
86 93 85
86 95 -5
86 98 2
86 99 8
87 88 47
87 89 -69
87 90 -22
87 91 -48
87 94 -100
87 95 -75
87 96 4
87 97 -54
87 99 -66
88 89 94
88 91 3
88 93 -96
88 94 -84
88 95 -44
88 96 75
88 98 -17
88 99 -89
89 90 0
89 91 41
89 94 77
89 95 -38
89 96 28
89 97 10
89 98 -77
89 99 -29
90 91 35
90 93 27
90 94 2
90 95 -70
90 96 -64
90 97 -28
90 99 93
91 92 -75
91 93 -54
91 94 -93
91 95 -49
91 96 40
91 97 53
91 98 -54
91 99 -43
92 93 -76
92 94 -85
92 95 49
92 96 23
92 97 47
92 98 -1
93 95 -37
93 96 -19
93 97 35
93 98 -51
94 96 -40
94 97 -75
94 98 40
94 99 15
95 96 -31
95 98 -19
95 99 58
96 97 -32
96 98 46
97 98 -36
97 99 -16
98 99 65
