0 1 29
0 4 -94
0 5 60
0 6 -77
0 7 31
0 9 -16
0 10 -6
0 12 -14
0 19 -41
0 21 48
0 23 14
0 24 -95
0 27 -96
0 31 31
0 34 15
0 35 99
0 36 -99
0 37 88
0 39 80
0 42 -64
0 43 2
0 45 -14
0 46 31
0 47 -21
0 49 -30
0 50 -90
0 52 -4
0 53 -5
0 58 43
0 61 -49
0 64 -55
0 66 89
0 67 -33
0 68 66
0 69 -30
0 70 -50
0 72 11
0 73 -36
0 74 -64
0 75 13
0 77 -88
0 81 -34
0 83 -38
0 84 83
0 85 -86
0 87 98
0 90 -67
0 94 87
0 95 -77
0 97 -81
0 98 45
1 2 -27
1 4 -18
1 5 -51
1 6 -30
1 7 5
1 8 -41
1 11 47
1 12 -50
1 15 -94
1 17 3
1 18 -93
1 19 6
1 20 -46
1 22 -95
1 24 -42
1 30 90
1 31 65
1 34 35
1 35 -39
1 39 38
1 42 10
1 43 48
1 44 -67
1 50 -80
1 52 -22
1 53 0
1 54 76
1 56 -21
1 57 24
1 60 -7
1 62 -21
1 63 86
1 65 52
1 70 -58
1 72 91
1 73 83
1 75 86
1 76 18
1 78 85
1 79 -65
1 80 -54
1 81 -12
1 84 61
1 87 28
1 88 -29
1 92 -78
1 94 -44
1 96 35
2 3 64
2 4 -2
2 6 94
2 10 92
2 12 -13
2 13 43
2 15 80
2 16 66
2 18 -88
2 21 42
2 24 -68
2 28 -13
2 29 -38
2 31 74
2 35 23
2 46 1
2 47 -9
2 49 -53
2 50 10
2 52 -94
2 53 -76
2 57 66
2 58 68
2 59 66
2 60 80
2 61 -72
2 63 -84
2 64 72
2 65 64
2 66 -17
2 68 75
2 70 44
2 73 100
2 75 11
2 76 68
2 77 38
2 81 64
2 82 -88
2 83 -8
2 87 -56
2 89 87
2 90 -44
2 92 -84
2 93 -8
2 95 23
2 96 14
2 97 -88
2 98 -32
2 99 -73
3 7 99
3 10 18
3 11 -57
3 12 -6
3 13 -56
3 15 -62
3 16 89
3 17 -21
3 18 -16
3 19 -29
3 20 -94
3 21 88
3 24 16
3 25 -5
3 27 -82
3 29 45
3 30 47
3 31 4
3 33 92
3 34 22
3 36 66
3 43 90
3 44 64
3 45 42
3 49 -10
3 50 -78
3 52 67
3 54 88
3 57 -6
3 58 40
3 60 -67
3 62 -37
3 63 33
3 66 -83
3 71 23
3 72 26
3 77 -47
3 84 25
3 86 -20
3 87 -64
3 88 67
3 89 96
3 90 -9
3 92 63
3 94 73
3 98 -54
3 99 37
4 7 56
4 8 84
4 9 -26
4 13 34
4 16 47
4 17 98
4 20 5
4 21 -32
4 22 54
4 23 -9
4 25 1
4 27 -74
4 28 72
4 29 74
4 30 98
4 31 64
4 36 66
4 37 52
4 38 -65
4 41 91
4 43 40
4 47 -98
4 49 -53
4 52 70
4 54 30
4 55 -25
4 58 86
4 59 11
4 61 18
4 63 96
4 68 -4
4 69 -100
4 70 -29
4 71 -67
4 76 13
4 78 -50
4 81 2
4 82 -22
4 87 54
4 92 64
4 93 57
4 94 89
4 95 -49
4 97 56
4 98 74
5 6 99
5 7 -47
5 10 9
5 11 22
5 12 -68
5 13 -10
5 14 70
5 18 -90
5 19 59
5 21 65
5 22 9
5 23 3
5 26 10
5 28 89
5 29 74
5 30 80
5 31 72
5 33 -29
5 34 79
5 35 -38
5 38 -2
5 39 100
5 43 -33
5 44 -56
5 49 -32
5 50 38
5 52 -51
5 54 53
5 55 -84
5 59 55
5 60 -66
5 63 -40
5 65 -43
5 67 -18
5 70 87
5 71 7
5 73 38
5 75 64
5 76 93
5 77 86
5 79 -51
5 83 29
5 87 15
5 90 -99
5 92 -40
5 94 -100
5 95 43
5 97 -39
5 99 -37
6 7 93
6 8 -31
6 9 67
6 11 -97
6 13 -57
6 14 -56
6 16 48
6 17 0
6 20 -20
6 21 6
6 22 40
6 23 90
6 24 -46
6 25 37
6 26 -56
6 28 -78
6 29 10
6 30 -17
6 31 -94
6 32 43
6 34 63
6 35 73
6 37 -29
6 39 92
6 42 78
6 43 -14
6 44 78
6 46 -47
6 49 -87
6 50 -73
6 51 26
6 53 70
6 55 25
6 57 3
6 58 58
6 59 -59
6 60 65
6 61 -46
6 63 -35
6 64 -84
6 65 1
6 67 24
6 68 -66
6 73 57
6 75 -27
6 76 -38
6 78 64
6 80 86
6 81 14
6 83 -41
6 84 -70
6 85 -96
6 87 71
6 88 -95
6 89 -32
6 91 78
6 93 -85
6 95 -86
6 98 -98
6 99 67
7 8 -8
7 11 -82
7 12 -48
7 13 -29
7 15 59
7 16 -10
7 18 65
7 20 10
7 22 97
7 23 -58
7 24 64
7 26 99
7 29 17
7 30 64
7 33 95
7 36 7
7 41 5
7 42 50
7 48 6
7 50 -19
7 52 -66
7 53 0
7 55 68
7 57 32
7 58 -23
7 60 -95
7 63 -10
7 66 -33
7 67 -25
7 69 81
7 71 48
7 75 -78
7 76 -11
7 77 93
7 79 14
7 80 34
7 83 -60
7 84 23
7 85 -9
7 94 13
7 97 23
7 99 -13
8 11 -77
8 13 -93
8 14 96
8 18 47
8 20 79
8 21 30
8 22 95
8 24 -68
8 26 -55
8 27 52
8 33 0
8 34 81
8 35 -85
8 37 9
8 38 -66
8 39 -83
8 41 -75
8 42 -15
8 43 21
8 44 63
8 45 70
8 46 84
8 47 -31
8 50 77
8 54 83
8 55 14
8 62 -46
8 63 -95
8 66 -31
8 67 -69
8 69 35
8 70 92
8 71 59
8 72 -92
8 82 -6
8 83 37
8 84 -11
8 86 47
8 88 36
8 90 -63
8 91 27
8 92 82
8 94 100
8 96 -8
8 98 -53
9 13 54
9 14 88
9 16 99
9 18 12
9 20 -7
9 22 89
9 24 -84
9 26 -30
9 28 -26
9 29 9
9 30 -85
9 31 31
9 34 91
9 38 52
9 39 -20
9 41 -19
9 42 30
9 45 -51
9 46 82
9 51 -37
9 53 48
9 55 -57
9 60 -51
9 63 24
9 64 0
9 69 -59
9 71 -34
9 73 96
9 74 -81
9 77 35
9 78 17
9 80 5
9 83 65
9 88 50
9 89 95
9 90 -80
9 91 -80
9 93 -77
9 97 -71
9 98 -88
10 11 43
10 14 76
10 17 19
10 20 -46
10 23 89
10 30 -75
10 36 36
10 39 46
10 40 74
10 41 -40
10 42 59
10 43 -76
10 44 3
10 49 -72
10 50 54
10 51 -16
10 53 25
10 54 33
10 55 -18
10 56 86
10 57 73
10 59 -84
10 60 -44
10 62 -31
10 64 18
10 66 79
10 71 -80
10 73 -2
10 74 -12
10 75 -67
10 77 -32
10 78 69
10 79 -89
10 82 -16
10 83 59
10 84 17
10 86 52
10 87 -63
10 88 -73
10 90 41
10 94 82
10 96 49
10 97 55
11 12 57
11 13 66
11 19 -42
11 22 76
11 25 -61
11 27 -7
11 28 10
11 34 15
11 35 35
11 38 -42
11 40 21
11 41 -58
11 42 49
11 45 47
11 46 -59
11 48 -22
11 49 72
11 50 91
11 51 6
11 52 -1
11 56 -72
11 58 -80
11 59 -79
11 60 15
11 62 89
11 63 0
11 64 8
11 68 -66
11 70 17
11 74 -13
11 75 34
11 79 42
11 83 9
11 86 -8
11 88 39
11 89 -100
11 91 -29
11 93 4
11 94 56
11 97 -44
11 98 -45
11 99 11
12 14 16
12 15 8
12 16 55
12 17 83
12 18 -91
12 21 14
12 23 -3
12 24 27
12 25 -18
12 26 -18
12 28 67
12 31 -35
12 33 9
12 39 -68
12 40 18
12 41 69
12 42 -97
12 45 -49
12 46 -60
12 48 88
12 49 30
12 51 -74
12 53 12
12 55 -75
12 58 18
12 59 -72
12 60 -7
12 61 -14
12 64 16
12 67 -51
12 70 36
12 71 28
12 74 -4
12 75 -73
12 82 23
12 85 35
12 89 49
12 92 -90
12 93 -57
12 95 -52
12 96 49
13 16 6
13 18 -99
13 19 88
13 20 86
13 22 -37
13 23 39
13 25 38
13 26 -42
13 27 -21
13 28 57
13 29 -42
13 31 -100
13 32 96
13 34 17
13 39 96
13 40 -72
13 41 -4
13 42 1
13 43 53
13 44 -89
13 46 -95
13 47 -60
13 49 -48
13 51 18
13 52 -49
13 55 -65
13 56 -27
13 59 -24
13 60 19
13 68 -69
13 71 12
13 72 -27
13 73 -41
13 77 4
13 78 27
13 82 -89
13 83 83
13 86 18
13 87 71
13 91 -41
13 92 -25
13 93 49
13 94 84
13 96 -42
14 15 41
14 16 42
14 17 37
14 20 -23
14 25 55
14 27 57
14 28 -1
14 29 67
14 34 -44
14 36 -2
14 37 86
14 39 -99
14 40 -63
14 42 -55
14 44 8
14 45 -32
14 51 50
14 53 -59
14 59 57
14 60 -38
14 61 8
14 63 -35
14 68 14
14 69 -95
14 71 -52
14 73 -77
14 82 28
14 84 78
14 85 -100
14 86 -85
14 88 -28
14 90 -87
14 91 -59
14 92 79
14 94 39
14 97 0
14 98 -40
14 99 -50
15 16 20
15 17 -40
15 20 29
15 21 -57
15 22 24
15 24 63
15 29 -65
15 30 -74
15 32 18
15 33 -39
15 36 14
15 38 -82
15 40 43
15 42 -26
15 43 -11
15 46 -58
15 47 93
15 57 14
15 61 -71
15 62 -56
15 65 -24
15 66 11
15 68 -33
15 71 32
15 72 13
15 73 -25
15 75 73
15 76 48
15 78 -22
15 80 98
15 82 -26
15 87 69
15 89 71
15 91 -7
15 94 7
15 97 -89
15 99 -12
16 17 -35
16 22 -49
16 24 -13
16 25 52
16 26 60
16 29 65
16 30 82
16 31 3
16 32 -40
16 33 31
16 36 36
16 38 -96
16 40 8
16 41 57
16 42 -88
16 44 39
16 46 -11
16 49 -23
16 50 15
16 54 79
16 57 95
16 58 54
16 63 -18
16 64 -45
16 65 9
16 66 -100
16 67 52
16 68 74
16 69 -94
16 72 -6
16 73 -12
16 74 -41
16 75 -55
16 77 57
16 78 35
16 80 -25
16 83 -80
16 84 -89
16 88 69
16 94 73
16 96 3
17 18 -59
17 19 1
17 21 16
17 22 -64
17 23 -5
17 24 55
17 25 -74
17 27 -62
17 28 30
17 29 40
17 31 -47
17 34 71
17 35 66
17 37 76
17 40 -25
17 42 60
17 44 -38
17 45 41
17 48 -26
17 54 18
17 57 64
17 58 40
17 59 99
17 61 -92
17 63 -98
17 64 -33
17 65 -98
17 74 5
17 75 61
17 76 -59
17 78 -89
17 80 -87
17 82 -6
17 83 56
17 84 -36
17 86 64
17 89 -75
17 91 25
17 94 68
17 95 -78
17 96 -39
17 98 -57
18 20 78
18 21 -37
18 22 -80
18 23 22
18 24 81
18 26 4
18 27 -14
18 30 -46
18 32 44
18 33 23
18 34 41
18 35 -57
18 36 59
18 38 62
18 39 -18
18 40 -38
18 42 1
18 44 70
18 49 -85
18 50 -2
18 53 -19
18 54 -8
18 56 36
18 63 72
18 65 -59
18 66 -15
18 69 26
18 70 93
18 73 -74
18 78 -73
18 79 37
18 80 -96
18 81 -26
18 82 51
18 90 64
18 91 68
18 97 55
18 99 -69
19 20 -77
19 21 54
19 22 -89
19 23 17
19 24 -86
19 26 -64
19 27 3
19 32 -96
19 33 17
19 34 -73
19 35 -96
19 38 39
19 39 -56
19 41 71
19 42 92
19 43 -42
19 44 32
19 45 -76
19 52 70
19 54 81
19 57 -96
19 60 53
19 61 88
19 65 10
19 70 64
19 74 31
19 75 -40
19 77 66
19 80 39
19 81 -90
19 82 89
19 85 -43
19 87 -45
19 88 -49
19 91 51
19 93 2
19 98 48
19 99 31
20 24 -62
20 25 -15
20 28 3
20 32 49
20 33 4
20 34 25
20 36 -85
20 38 51
20 39 1
20 40 10
20 42 -96
20 43 -62
20 44 -98
20 45 89
20 46 -18
20 47 -21
20 48 64
20 49 -93
20 50 -57
20 51 -50
20 52 -83
20 53 -55
20 56 -98
20 58 47
20 59 -97
20 62 11
20 64 59
20 65 -72
20 66 79
20 67 9
20 68 73
20 69 32
20 72 -32
20 73 -59
20 75 4
20 78 83
20 79 -67
20 82 -55
20 85 36
20 86 56
20 89 -3
20 90 90
20 91 46
20 92 -46
21 22 -27
21 23 80
21 25 -71
21 26 100
21 29 -59
21 30 -59
21 35 96
21 38 -45
21 40 19
21 42 67
21 54 -14
21 55 6
21 56 63
21 59 -20
21 60 -82
21 61 -100
21 62 -22
21 65 61
21 68 29
21 69 13
21 71 -75
21 73 -61
21 79 -30
21 81 11
21 85 -88
21 88 51
21 90 71
21 91 8
21 93 -35
21 94 4
21 95 47
21 97 17
21 98 -66
22 26 -45
22 27 15
22 28 56
22 29 -79
22 30 74
22 32 100
22 37 -48
22 38 -85
22 41 -49
22 42 61
22 44 -67
22 48 73
22 50 79
22 51 -29
22 55 -79
22 56 -42
22 57 63
22 60 -37
22 64 17
22 66 33
22 68 -10
22 71 87
22 75 44
22 77 49
22 78 67
22 79 -1
22 83 -86
22 86 -79
22 88 -32
22 89 60
22 93 -82
22 95 -30
22 98 60
23 30 -77
23 31 94
23 32 85
23 33 -65
23 34 -29
23 36 -65
23 38 -77
23 40 -31
23 43 -64
23 46 23
23 48 92
23 50 -90
23 53 98
23 55 -29
23 56 -21
23 57 -23
23 59 26
23 60 -31
23 63 -57
23 64 80
23 65 95
23 66 62
23 68 40
23 70 -85
23 71 -50
23 72 50
23 78 -50
23 79 -89
23 80 -77
23 82 30
23 92 81
23 95 21
23 96 66
23 97 11
23 98 28
24 25 -90
24 26 -65
24 28 32
24 31 -1
24 37 -63
24 38 -20
24 47 46
24 49 -35
24 52 49
24 59 65
24 60 33
24 62 -31
24 64 -42
24 65 -30
24 69 63
24 71 -4
24 73 100
24 74 -57
24 76 -97
24 77 5
24 78 90
24 79 11
24 83 -6
24 84 38
24 85 -53
24 87 65
24 88 54
24 89 -78
24 90 -76
24 92 -37
24 94 -96
24 95 36
24 97 0
24 99 27
25 28 24
25 31 59
25 32 24
25 36 77
25 37 -100
25 39 62
25 40 -77
25 41 -7
25 42 -60
25 45 -87
25 47 54
25 48 -92
25 50 70
25 51 49
25 53 45
25 55 27
25 57 -7
25 58 -98
25 60 -22
25 62 5
25 63 -60
25 65 -54
25 67 -74
25 70 1
25 72 39
25 73 68
25 76 -59
25 78 -40
25 79 -84
25 80 -90
25 83 33
25 84 -50
25 86 88
25 91 3
25 92 73
25 95 25
25 97 83
25 99 -75
26 29 13
26 31 4
26 33 80
26 35 -70
26 37 0
26 39 40
26 41 -11
26 42 19
26 45 -15
26 47 -94
26 48 69
26 51 -70
26 52 -53
26 56 -58
26 57 -98
26 60 35
26 61 -48
26 64 -42
26 65 50
26 66 1
26 69 81
26 78 55
26 79 -93
26 81 61
26 82 81
26 83 -86
26 84 81
26 86 -2
26 91 -93
26 94 40
26 96 -91
26 97 -25
27 28 71
27 33 -65
27 37 -25
27 38 -27
27 43 29
27 44 86
27 46 63
27 48 -9
27 49 -57
27 50 47
27 53 -99
27 54 98
27 56 -83
27 58 -55
27 59 -90
27 60 -18
27 62 -10
27 65 -61
27 69 -36
27 70 -9
27 71 44
27 73 92
27 75 26
27 76 23
27 77 -26
27 82 57
27 83 88
27 84 -23
27 88 -6
27 90 74
27 95 50
27 97 33
27 98 -80
27 99 -19
28 29 90
28 30 48
28 31 87
28 32 -99
28 36 23
28 37 8
28 41 -43
28 43 69
28 44 2
28 45 -62
28 48 40
28 49 -62
28 53 -36
28 54 -22
28 57 -40
28 58 13
28 60 61
28 69 37
28 70 41
28 73 -60
28 75 33
28 77 97
28 79 -39
28 80 48
28 84 -77
28 87 -5
28 88 100
28 89 86
28 90 13
28 91 61
28 94 -74
28 95 -23
28 96 81
28 98 80
29 32 73
29 35 -100
29 36 80
29 40 -69
29 42 94
29 44 38
29 47 -12
29 49 24
29 51 80
29 52 61
29 53 68
29 55 -68
29 57 92
29 58 -57
29 61 36
29 62 19
29 66 -84
29 70 -24
29 75 75
29 77 24
29 78 85
29 79 -27
29 80 1
29 83 -20
29 84 -1
29 86 93
29 90 9
29 92 44
29 93 -88
29 95 -3
29 96 -91
29 98 64
30 31 -35
30 33 98
30 34 46
30 36 -65
30 38 3
30 39 -59
30 41 18
30 42 -23
30 44 -10
30 47 -45
30 51 5
30 53 99
30 55 28
30 56 52
30 57 -78
30 58 -43
30 63 -76
30 65 -34
30 66 3
30 68 -83
30 72 -94
30 76 45
30 78 59
30 83 25
30 84 -21
30 86 -77
30 88 -64
30 89 32
30 94 -70
30 97 -2
30 98 77
31 38 16
31 40 10
31 42 -63
31 44 -98
31 45 35
31 46 69
31 50 -12
31 52 44
31 53 40
31 54 -67
31 55 -33
31 56 -36
31 58 9
31 59 24
31 61 -93
31 62 42
31 64 -59
31 65 -40
31 68 99
31 71 36
31 73 38
31 74 -3
31 78 70
31 79 -34
31 81 52
31 83 -82
31 85 -99
31 86 64
31 90 -63
31 93 -28
31 94 -75
31 95 26
31 96 17
31 97 -35
31 99 25
32 34 51
32 35 -34
32 37 24
32 42 12
32 47 -57
32 48 -1
32 49 65
32 50 -92
32 52 -51
32 54 -6
32 55 33
32 57 -32
32 58 -43
32 61 99
32 63 61
32 67 -23
32 68 -98
32 71 82
32 72 49
32 74 63
32 75 -11
32 78 -90
32 79 -39
32 83 -49
32 84 -42
32 88 82
32 92 81
32 95 -34
32 97 -67
32 99 -30
33 34 -78
33 37 -13
33 39 90
33 40 -100
33 41 45
33 42 -8
33 44 -41
33 45 80
33 48 -91
33 53 55
33 55 -71
33 59 -25
33 61 86
33 68 26
33 70 97
33 71 86
33 74 -98
33 77 -72
33 79 74
33 80 56
33 82 -27
33 83 -6
33 86 -43
33 87 -11
33 89 54
33 90 79
33 91 82
33 92 -10
33 93 -76
33 95 -42
33 96 92
33 97 25
33 98 79
33 99 80
34 35 -14
34 37 71
34 38 -77
34 42 -54
34 43 -22
34 44 8
34 45 -65
34 46 69
34 48 -27
34 49 -15
34 52 69
34 53 54
34 54 -99
34 56 -27
34 57 -56
34 58 -59
34 59 -88
34 60 -52
34 63 13
34 64 -83
34 65 94
34 68 -86
34 71 -40
34 73 -95
34 76 81
34 77 -98
34 78 -93
34 79 -68
34 82 57
34 83 -93
34 85 23
34 86 -4
34 87 39
34 88 -69
34 90 37
34 91 89
34 92 -79
34 98 90
34 99 -73
35 39 98
35 42 -69
35 47 -16
35 55 20
35 57 79
35 61 65
35 64 78
35 65 93
35 66 54
35 69 -65
35 70 -66
35 71 -70
35 73 -81
35 75 54
35 76 -41
35 78 -35
35 79 -86
35 86 71
35 88 -3
35 93 70
35 98 -27
36 37 38
36 38 -64
36 40 -31
36 44 -44
36 45 50
36 46 50
36 47 -100
36 51 -24
36 54 53
36 64 48
36 67 -49
36 68 34
36 69 -5
36 72 -66
36 78 29
36 81 16
36 83 50
36 85 61
36 90 -7
36 91 79
36 93 -95
36 94 -75
36 98 81
37 38 14
37 40 -62
37 42 -73
37 43 -58
37 44 76
37 48 70
37 49 73
37 52 -78
37 53 30
37 54 -40
37 55 -30
37 58 71
37 60 8
37 64 36
37 70 -43
37 75 51
37 81 4
37 83 -82
37 86 -59
37 88 17
37 90 -99
37 92 32
37 95 -26
37 96 49
38 40 60
38 43 10
38 45 -66
38 46 39
38 47 -53
38 48 -43
38 50 -94
38 52 -41
38 53 -54
38 54 65
38 55 33
38 58 31
38 61 44
38 62 -30
38 63 42
38 67 -40
38 68 77
38 70 -15
38 71 98
38 72 -83
38 73 49
38 74 13
38 75 -21
38 76 -43
38 78 70
38 79 -97
38 80 -63
38 81 -34
38 83 9
38 84 -46
38 86 88
38 87 56
38 88 -44
38 89 -34
38 90 -87
38 91 -56
38 94 -43
38 95 -12
38 96 -15
39 41 -47
39 42 82
39 43 -38
39 45 81
39 47 -79
39 48 -26
39 49 93
39 52 65
39 58 63
39 60 -62
39 61 33
39 62 7
39 63 12
39 67 96
39 68 -99
39 71 -98
39 72 44
39 74 79
39 75 8
39 76 19
39 77 17
39 84 62
39 85 -75
39 86 27
39 88 -31
39 89 -19
39 93 51
39 94 -91
39 95 23
39 97 -85
39 99 62
40 42 8
40 43 -32
40 47 38
40 48 -3
40 50 -53
40 52 -32
40 54 -28
40 55 -14
40 58 0
40 62 -92
40 64 -28
40 73 54
40 74 7
40 76 77
40 78 84
40 80 -47
40 83 89
40 84 -71
40 86 -44
40 87 -69
40 89 -30
40 92 100
40 93 61
40 95 33
40 96 21
40 97 -70
40 98 -77
41 42 78
41 43 -38
41 44 -77
41 46 84
41 47 40
41 49 -50
41 50 42
41 52 56
41 53 -58
41 54 15
41 55 23
41 56 -22
41 58 -50
41 59 -68
41 60 -86
41 61 13
41 65 -30
41 72 -37
41 73 63
41 74 -89
41 76 67
41 78 -6
41 79 47
41 81 -35
41 82 -54
41 84 96
41 85 74
41 88 86
41 90 90
41 91 -41
41 93 -84
41 95 -54
41 96 86
41 98 31
41 99 83
42 43 74
42 45 -100
42 49 31
42 50 18
42 51 43
42 53 -12
42 55 67
42 56 25
42 57 96
42 59 -62
42 60 26
42 61 -36
42 67 -46
42 69 -21
42 71 -21
42 72 85
42 74 -92
42 75 86
42 76 75
42 78 -85
42 79 88
42 82 43
42 87 84
42 92 100
42 97 13
43 45 77
43 46 9
43 47 -66
43 48 -85
43 51 40
43 54 -13
43 55 96
43 56 96
43 57 45
43 58 -20
43 59 40
43 62 76
43 63 96
43 64 100
43 65 -48
43 66 33
43 70 -29
43 72 -78
43 75 38
43 84 89
43 85 51
43 88 -86
43 95 15
43 96 69
43 99 1
44 45 8
44 47 27
44 48 -43
44 49 -45
44 52 -88
44 55 -48
44 56 0
44 58 -30
44 61 93
44 62 -56
44 66 27
44 67 73
44 69 -35
44 70 86
44 71 -33
44 73 91
44 74 98
44 76 86
44 79 7
44 81 -56
44 82 -93
44 83 28
44 84 97
44 85 73
44 90 -10
44 96 -28
44 99 3
45 46 33
45 49 40
45 50 100
45 51 39
45 53 -20
45 55 80
45 56 1
45 58 1
45 59 -61
45 65 -12
45 66 80
45 68 -68
45 69 -2
45 71 -94
45 72 -33
45 74 72
45 76 -56
45 77 -32
45 79 98
45 83 -21
45 84 -47
45 85 -32
45 89 98
45 90 -5
45 92 -46
45 93 82
45 95 -56
45 96 41
45 97 -99
45 99 69
46 47 -44
46 49 43
46 51 44
46 55 -72
46 58 33
46 59 67
46 61 80
46 62 71
46 64 16
46 67 94
46 69 -25
46 70 -72
46 71 78
46 72 52
46 73 -52
46 74 99
46 77 90
46 78 72
46 79 34
46 82 -43
46 84 40
46 85 33
46 88 -41
46 90 -53
46 93 -16
46 95 -55
46 96 -21
47 48 36
47 50 48
47 51 66
47 52 -49
47 53 16
47 55 22
47 58 99
47 59 81
47 62 31
47 63 -42
47 65 92
47 68 100
47 69 -56
47 70 -53
47 73 88
47 76 85
47 82 -23
47 85 82
47 86 -36
47 87 41
47 88 53
47 89 88
47 90 -31
47 91 -21
47 94 80
47 96 -69
48 49 -97
48 53 -30
48 54 -73
48 55 -21
48 59 -70
48 60 13
48 62 -61
48 64 -44
48 68 61
48 71 -1
48 72 -72
48 73 18
48 75 47
48 76 -50
48 78 -29
48 79 73
48 81 -10
48 83 -60
48 84 -55
48 85 91
48 87 81
48 88 13
48 89 67
48 97 9
49 51 79
49 52 -100
49 53 -86
49 54 -61
49 55 -76
49 58 20
49 59 -65
49 60 -58
49 62 8
49 63 25
49 65 -66
49 69 -24
49 71 -53
49 73 -84
49 74 -39
49 75 -30
49 79 27
49 80 -70
49 81 -32
49 82 20
49 83 60
49 84 64
49 85 28
49 86 -57
49 88 -88
49 89 -20
49 91 14
49 92 70
49 95 92
49 97 44
49 98 -64
49 99 -60
50 51 45
50 53 -61
50 55 13
50 56 7
50 57 -85
50 63 58
50 66 -46
50 70 31
50 75 -70
50 76 -22
50 79 -7
50 82 -90
50 83 -77
50 84 52
50 86 -19
50 88 43
50 92 -68
50 98 -69
51 52 -36
51 55 91
51 57 47
51 59 -9
51 60 -36
51 62 91
51 64 3
51 66 -43
51 68 -4
51 72 18
51 73 97
51 77 -64
51 78 -31
51 79 12
51 80 -28
51 81 56
51 84 22
51 85 -90
51 86 -8
51 87 25
51 90 -8
51 91 -27
51 92 -57
51 93 -45
51 96 69
51 97 75
51 98 38
52 54 65
52 57 67
52 59 13
52 61 8
52 63 -16
52 64 17
52 65 -65
52 70 -26
52 71 46
52 72 -6
52 73 1
52 75 96
52 76 61
52 77 -41
52 79 88
52 80 10
52 81 79
52 82 -27
52 83 -7
52 84 52
52 85 74
52 86 92
52 87 -55
52 90 41
52 94 71
52 95 -28
53 54 -69
53 55 -18
53 56 93
53 58 -47
53 59 25
53 61 -50
53 63 -58
53 64 -58
53 68 -39
53 69 6
53 70 -82
53 71 -86
53 73 -54
53 74 -48
53 75 23
53 76 93
53 78 53
53 80 -53
53 83 67
53 89 91
53 91 30
53 96 0
53 97 -98
53 98 15
53 99 -85
54 56 -28
54 57 29
54 58 -83
54 60 28
54 62 -4
54 64 -88
54 65 -100
54 66 -8
54 67 -45
54 68 -15
54 69 -74
54 70 -74
54 72 80
54 77 45
54 78 12
54 80 -75
54 81 -48
54 83 16
54 84 1
54 85 63
54 87 63
54 88 0
54 90 25
54 91 -84
54 93 47
54 99 -36
55 57 -6
55 61 42
55 62 31
55 63 84
55 68 77
55 69 -23
55 71 8
55 72 4
55 75 49
55 76 -69
55 77 88
55 79 -22
55 80 -17
55 81 -82
55 82 18
55 83 8
55 85 -29
55 86 -14
55 89 -33
55 91 82
55 92 -6
55 93 7
55 94 92
55 95 17
55 96 84
56 59 53
56 62 -84
56 66 71
56 67 -47
56 74 -72
56 75 -34
56 77 -69
56 78 81
56 80 -22
56 81 -34
56 83 79
56 85 -4
56 87 90
56 88 95
56 93 -95
56 96 97
56 97 -39
56 99 22
57 58 38
57 59 27
57 60 -49
57 68 -56
57 69 -81
57 70 -14
57 71 48
57 73 28
57 77 63
57 78 -95
57 80 55
57 82 -91
57 84 -94
57 85 -100
57 86 -21
57 87 34
57 89 -50
57 90 30
57 92 -42
57 96 15
57 97 -31
57 98 -70
58 59 5
58 60 -58
58 61 89
58 63 -42
58 66 -23
58 69 -42
58 70 25
58 72 -33
58 76 -22
58 79 53
58 80 12
58 85 -19
58 87 -80
58 88 -51
58 90 -47
58 92 -97
58 93 -42
58 95 -53
58 96 -74
58 97 -98
58 98 -29
58 99 -64
59 60 -59
59 62 78
59 63 37
59 69 70
59 70 -71
59 71 41
59 73 47
59 74 20
59 76 21
59 80 73
59 81 -77
59 82 -97
59 83 43
59 84 -51
59 86 -37
59 88 40
59 89 3
59 90 -67
59 94 35
59 97 -16
59 99 -12
60 62 -93
60 63 11
60 64 -80
60 65 -43
60 67 88
60 70 39
60 73 -85
60 74 -87
60 76 33
60 78 -78
60 82 8
60 83 14
60 86 -76
60 87 27
60 88 -16
60 92 16
60 94 42
60 95 47
60 96 90
60 99 -27
61 63 37
61 64 -1
61 66 35
61 67 67
61 71 68
61 73 -9
61 74 -66
61 76 43
61 78 -57
61 81 -15
61 82 37
61 84 12
61 85 89
61 87 72
61 89 -26
61 92 -24
61 97 42
61 99 -68
62 64 85
62 68 65
62 77 -41
62 82 43
62 83 35
62 84 54
62 86 86
62 89 100
62 90 60
62 91 67
62 92 -24
62 93 47
62 94 47
62 97 73
62 99 14
63 65 -11
63 71 -10
63 72 60
63 74 -48
63 79 65
63 81 63
63 84 -59
63 87 -52
63 89 -24
63 90 67
63 91 17
63 93 59
63 94 -71
63 97 -26
63 99 55
64 65 21
64 66 -19
64 69 -82
64 70 30
64 71 -48
64 75 97
64 77 -94
64 78 -29
64 80 8
64 81 -23
64 82 -11
64 84 -26
64 86 70
64 87 -87
64 89 82
64 91 90
64 92 11
64 93 -43
64 98 -4
64 99 8
65 67 40
65 71 -64
65 72 -42
65 74 100
65 75 14
65 76 -53
65 78 -55
65 79 19
65 81 -66
65 83 -59
65 85 -16
65 86 84
65 90 57
65 93 -49
65 95 8
66 68 -74
66 69 89
66 71 30
66 73 31
66 74 80
66 75 -80
66 76 -24
66 77 41
66 78 -15
66 80 20
66 81 -12
66 82 -39
66 83 -55
66 84 85
66 85 -87
66 93 -11
66 94 -35
66 95 -90
66 97 89
66 98 -78
67 71 -16
67 72 -88
67 74 -86
67 75 20
67 82 -62
67 85 58
67 87 -47
67 88 85
67 90 -75
67 93 59
67 94 -29
67 95 -99
67 97 60
68 70 -98
68 72 -89
68 73 28
68 74 -50
68 80 -34
68 82 -7
68 86 -72
68 87 -48
68 88 86
68 91 -12
68 93 -57
68 94 -81
68 98 89
69 70 36
69 71 -4
69 72 -37
69 77 -68
69 80 -26
69 82 -25
69 83 -97
69 85 -75
69 86 92
69 89 -23
69 91 -6
69 93 -51
69 94 -57
69 95 -85
69 96 75
69 97 39
70 73 88
70 75 -51
70 76 24
70 77 76
70 78 67
70 79 -23
70 81 -58
70 82 59
70 83 -67
70 87 -92
70 89 1
70 90 23
70 92 54
70 93 7
70 96 -43
70 99 -20
71 72 57
71 73 54
71 75 -76
71 76 -32
71 78 -99
71 79 2
71 81 57
71 82 33
71 84 -5
71 86 52
71 88 -20
71 89 -73
71 90 70
71 91 -6
71 96 -47
71 97 55
71 99 98
72 77 -40
72 78 -11
72 80 -40
72 81 -45
72 82 51
72 83 -37
72 84 78
72 86 13
72 87 50
72 88 -5
72 93 58
72 94 -41
73 75 -52
73 76 11
73 77 -37
73 78 81
73 80 58
73 81 66
73 82 3
73 85 92
73 86 20
73 90 -60
73 91 61
73 93 38
73 94 -52
73 96 1
73 97 -22
73 99 85
74 75 -44
74 77 -5
74 78 50
74 79 -22
74 80 -55
74 82 19
74 87 -84
74 89 -50
74 90 -63
74 91 -92
74 94 -43
74 99 -21
75 76 -63
75 78 -65
75 79 -45
75 80 21
75 81 15
75 84 38
75 88 -33
75 89 -87
75 91 -1
75 92 24
75 95 -13
75 97 89
76 77 43
76 78 42
76 80 34
76 83 -80
76 85 22
76 86 77
76 87 32
76 89 99
76 90 -10
76 91 80
76 92 -89
76 93 -4
76 99 -82
77 82 -82
77 84 -76
77 85 99
77 86 88
77 87 20
77 88 -83
77 90 -45
77 91 35
77 92 -30
77 93 -33
77 96 -2
77 97 37
77 99 67
78 79 -85
78 81 23
78 82 91
78 83 -63
78 85 -91
78 86 36
78 88 3
78 89 58
78 90 36
78 91 3
78 93 32
78 96 -66
78 98 76
79 80 -45
79 81 98
79 83 -81
79 85 22
79 86 72
79 87 -32
79 88 87
79 92 -48
79 93 6
79 95 -28
79 96 29
79 98 53
80 85 28
80 87 -39
80 88 -77
80 89 -71
80 92 1
80 93 13
80 96 62
80 98 -72
80 99 -70
81 84 37
81 85 9
81 87 69
81 90 34
81 91 80
81 95 94
81 96 47
81 97 7
81 99 21
82 83 94
82 84 82
82 87 -49
82 88 -41
82 91 -41
82 93 -60
82 94 88
82 95 27
82 96 27
82 98 61
82 99 94
83 85 -7
83 89 97
83 90 -23
83 91 -29
83 92 100
83 94 -14
83 96 24
84 85 28
84 88 1
84 89 -67
84 92 -99
84 93 87
84 95 -18
84 96 -90
84 97 83
85 86 83
85 89 -30
85 90 -47
85 92 -88
85 93 -76
85 95 99
85 97 46
85 98 70
85 99 84
86 87 -41
86 88 -51
86 90 -5
86 93 -56
86 96 9
86 97 -8
87 88 -83
87 89 -83
87 91 -65
87 92 -8
87 93 77
87 96 21
87 99 76
88 89 58
88 90 -30
88 91 -57
88 93 35
88 94 84
88 96 -91
88 98 -27
88 99 -85
89 90 -40
89 91 -15
89 93 -27
89 94 -19
89 95 -12
89 98 -86
89 99 -63
90 95 -32
90 96 37
90 99 -60
91 94 55
91 95 88
91 96 89
91 98 -49
91 99 100
92 93 -6
92 95 78
92 97 -24
93 94 31
93 98 26
93 99 -32
94 95 -72
94 97 -40
94 99 84
95 96 -11
95 97 -2
95 98 -82
95 99 31
96 97 -31
97 98 97
97 99 79
98 99 -40
