0 1 -83
0 2 -9
0 3 -16
0 5 10
0 6 94
0 8 -61
0 11 -64
0 12 -64
0 13 -26
0 15 34
0 16 62
0 17 -71
0 18 -61
0 19 -58
0 20 23
0 21 100
0 27 -37
0 29 77
0 31 -84
0 32 -89
0 33 7
0 34 6
0 35 -92
0 36 -37
0 37 -2
0 38 25
0 39 -44
0 41 -24
0 43 40
0 47 -18
0 49 79
0 50 -66
0 52 -15
0 53 7
0 54 96
0 55 32
0 56 9
0 58 1
0 59 -6
0 65 -33
0 66 -85
0 67 -66
0 69 11
0 70 89
0 72 6
0 73 -11
0 75 -92
0 76 72
0 77 -57
0 79 78
0 80 34
0 82 3
0 84 -28
0 85 -85
0 87 2
0 89 -42
0 90 90
0 91 66
0 92 -83
0 93 -5
0 95 89
0 96 11
0 98 32
1 4 49
1 6 91
1 7 86
1 9 -69
1 11 93
1 13 60
1 14 76
1 15 -70
1 16 -97
1 18 20
1 19 -35
1 20 89
1 22 99
1 25 99
1 26 -42
1 28 -49
1 32 85
1 33 40
1 34 41
1 35 33
1 38 28
1 40 -55
1 42 24
1 45 30
1 46 80
1 47 -100
1 48 -69
1 50 39
1 52 14
1 54 66
1 55 39
1 56 -36
1 57 70
1 58 -13
1 60 86
1 61 -93
1 62 50
1 63 45
1 64 76
1 65 69
1 66 95
1 70 82
1 73 -82
1 74 -94
1 75 -23
1 76 -36
1 77 88
1 78 -80
1 79 -82
1 81 -41
1 82 -18
1 83 76
1 84 -63
1 85 64
1 87 -89
1 88 18
1 90 34
1 95 73
1 96 48
1 97 -85
1 98 -25
1 99 -14
2 5 -1
2 8 -96
2 11 48
2 12 -9
2 13 -67
2 14 -7
2 15 -40
2 16 -43
2 17 61
2 18 -30
2 19 17
2 21 52
2 28 -76
2 30 -30
2 31 87
2 33 88
2 34 -80
2 35 87
2 36 96
2 37 -39
2 39 -68
2 40 -48
2 42 53
2 43 -57
2 44 87
2 45 20
2 47 65
2 48 -2
2 49 -74
2 50 59
2 52 65
2 53 -67
2 55 33
2 56 80
2 57 -30
2 58 43
2 59 9
2 60 -29
2 61 -23
2 62 -49
2 64 17
2 65 -27
2 66 98
2 67 -14
2 68 -30
2 69 3
2 70 -60
2 75 91
2 76 82
2 78 3
2 79 -42
2 80 -61
2 81 -77
2 82 58
2 84 -19
2 85 47
2 86 60
2 88 88
2 92 43
2 98 -80
2 99 -67
3 6 -4
3 8 -55
3 9 76
3 10 94
3 11 -58
3 12 -87
3 13 -57
3 14 5
3 16 55
3 17 -37
3 19 -41
3 21 18
3 23 -14
3 24 76
3 26 53
3 27 -94
3 28 -29
3 29 -58
3 30 29
3 31 -30
3 33 -55
3 36 -40
3 37 -84
3 39 -31
3 42 -49
3 44 -37
3 45 -47
3 47 -87
3 48 -100
3 49 -21
3 50 11
3 51 55
3 53 -78
3 55 -1
3 57 65
3 58 2
3 59 68
3 60 30
3 61 42
3 65 52
3 68 59
3 73 -60
3 75 -27
3 77 -90
3 82 -83
3 83 -76
3 84 -22
3 85 -84
3 86 -69
3 87 -32
3 89 -84
3 90 15
3 93 -35
3 95 -28
3 97 1
3 98 -4
4 5 -56
4 7 -23
4 8 59
4 9 -14
4 12 -86
4 14 -80
4 15 -47
4 16 88
4 18 95
4 19 -72
4 20 -81
4 22 19
4 25 82
4 26 -83
4 27 31
4 29 -99
4 31 71
4 32 8
4 34 -36
4 36 22
4 37 -16
4 39 -96
4 40 -79
4 42 -51
4 43 17
4 45 24
4 46 77
4 47 39
4 48 34
4 49 -88
4 51 39
4 53 -62
4 55 -64
4 56 75
4 57 -18
4 61 37
4 62 -18
4 63 -31
4 66 -94
4 67 35
4 68 78
4 71 0
4 72 -5
4 73 31
4 74 -83
4 75 -89
4 76 -62
4 79 -3
4 80 5
4 81 8
4 82 -22
4 84 -32
4 86 75
4 87 56
4 88 88
4 89 -49
4 94 -96
4 95 5
5 6 96
5 9 75
5 10 40
5 12 54
5 13 74
5 18 -84
5 20 99
5 21 27
5 22 -15
5 23 98
5 25 52
5 28 -89
5 32 36
5 35 -90
5 36 37
5 38 34
5 39 -8
5 41 -8
5 44 30
5 49 30
5 50 -60
5 51 -79
5 52 -93
5 55 -4
5 56 -67
5 57 30
5 58 -76
5 60 -47
5 61 -43
5 62 -86
5 64 -13
5 65 -84
5 66 21
5 67 -31
5 68 98
5 70 34
5 71 -77
5 72 -18
5 73 50
5 74 -70
5 76 96
5 78 27
5 80 -63
5 81 43
5 82 32
5 88 22
5 90 -41
5 92 21
5 93 49
5 97 62
5 99 94
6 10 -66
6 11 44
6 14 -86
6 16 58
6 17 -12
6 18 -75
6 19 84
6 20 -61
6 22 77
6 23 -40
6 24 85
6 26 -21
6 27 -14
6 28 47
6 29 -63
6 30 -75
6 31 43
6 35 62
6 37 35
6 39 -99
6 43 -49
6 44 -81
6 46 85
6 47 67
6 50 29
6 51 96
6 52 -87
6 53 -95
6 54 -14
6 55 -48
6 56 -5
6 57 10
6 59 25
6 61 98
6 63 66
6 65 -80
6 66 -35
6 68 -50
6 69 17
6 72 -85
6 73 13
6 74 59
6 76 -9
6 78 73
6 79 72
6 81 -72
6 82 -9
6 83 -6
6 84 27
6 86 -91
6 87 70
6 89 45
6 92 -30
6 94 86
6 95 -87
6 96 -94
6 97 29
6 98 -40
7 9 -62
7 10 -7
7 13 41
7 16 -3
7 17 92
7 18 -54
7 19 72
7 20 67
7 22 20
7 23 -37
7 27 -18
7 30 -61
7 32 50
7 33 -93
7 34 92
7 37 -59
7 38 -40
7 39 55
7 40 95
7 42 99
7 44 -27
7 45 21
7 46 -28
7 48 -23
7 49 54
7 51 -89
7 53 -2
7 54 50
7 55 92
7 56 86
7 58 -51
7 61 59
7 62 89
7 63 95
7 65 55
7 66 12
7 67 -28
7 71 -3
7 72 10
7 73 91
7 75 -16
7 76 70
7 78 84
7 79 -73
7 80 -92
7 82 82
7 84 -94
7 85 -37
7 86 -73
7 87 -100
7 88 -47
7 90 -10
7 91 97
7 92 2
7 93 -37
7 95 89
7 96 28
8 9 -17
8 12 97
8 13 -59
8 14 -63
8 18 -51
8 19 -91
8 22 15
8 23 -95
8 24 -6
8 30 20
8 32 -92
8 33 9
8 34 56
8 36 73
8 38 61
8 39 -31
8 40 91
8 41 19
8 44 92
8 45 94
8 46 84
8 47 -85
8 48 -71
8 56 -65
8 58 -52
8 59 87
8 60 -13
8 61 -41
8 62 45
8 64 -74
8 66 70
8 67 -61
8 70 -44
8 71 -75
8 72 59
8 73 63
8 76 15
8 77 37
8 78 -13
8 79 90
8 81 -78
8 82 -45
8 83 -15
8 84 -100
8 88 -75
8 89 -35
8 91 78
8 92 96
8 95 -93
8 97 -18
8 99 30
9 12 98
9 13 -10
9 15 28
9 16 -88
9 17 -69
9 19 -74
9 21 28
9 22 75
9 25 22
9 27 83
9 29 81
9 31 -26
9 32 42
9 33 30
9 35 9
9 37 -33
9 38 95
9 39 73
9 40 51
9 42 -27
9 43 90
9 45 -29
9 48 -19
9 50 -63
9 52 38
9 53 -33
9 54 -76
9 55 69
9 60 4
9 62 32
9 63 -82
9 64 -78
9 65 20
9 66 98
9 68 -33
9 69 -71
9 72 23
9 73 31
9 74 2
9 75 -61
9 76 -32
9 77 -46
9 81 -5
9 82 -92
9 83 -47
9 84 91
9 85 86
9 88 -10
9 90 -75
9 91 -77
9 92 80
9 94 70
9 95 -93
9 98 27
9 99 32
10 11 -10
10 12 43
10 13 57
10 15 17
10 17 87
10 19 84
10 22 1
10 24 -11
10 25 -91
10 28 52
10 29 -10
10 30 39
10 31 14
10 32 71
10 34 74
10 37 74
10 39 59
10 40 -43
10 41 1
10 42 -62
10 44 -88
10 45 -43
10 46 -8
10 47 23
10 48 -64
10 49 -18
10 51 43
10 53 -92
10 54 65
10 55 66
10 57 78
10 58 -74
10 59 -46
10 61 73
10 62 62
10 63 -14
10 64 36
10 65 -15
10 66 -17
10 67 64
10 68 49
10 69 -26
10 72 -68
10 76 92
10 77 13
10 78 83
10 80 -82
10 81 88
10 82 63
10 83 -94
10 87 -4
10 88 70
10 89 -62
10 90 89
10 92 -10
10 93 33
10 97 93
10 98 -31
10 99 83
11 12 -91
11 14 -32
11 15 23
11 16 -53
11 17 9
11 23 -100
11 24 16
11 25 -90
11 27 -79
11 29 80
11 30 28
11 31 -38
11 33 -9
11 35 -65
11 37 -100
11 40 67
11 42 -100
11 44 70
11 45 44
11 47 74
11 48 -6
11 50 77
11 53 -25
11 56 -10
11 57 54
11 58 -2
11 60 -69
11 63 -84
11 65 67
11 68 95
11 70 -71
11 71 81
11 72 89
11 73 -77
11 74 67
11 75 -55
11 77 -58
11 78 62
11 79 -23
11 80 -14
11 81 -66
11 83 -56
11 87 -51
11 90 45
11 91 4
11 92 -56
11 93 -61
11 94 18
11 95 25
11 96 -91
11 98 -14
12 13 23
12 16 -5
12 17 66
12 18 -24
12 19 27
12 20 78
12 21 -32
12 22 -69
12 26 76
12 28 -40
12 29 -93
12 31 -55
12 32 85
12 34 46
12 35 -95
12 36 -1
12 37 23
12 40 25
12 42 68
12 43 -54
12 45 -20
12 46 -23
12 49 -84
12 50 66
12 54 -21
12 55 1
12 56 -42
12 57 19
12 60 55
12 62 59
12 65 -91
12 66 6
12 67 -34
12 69 64
12 71 55
12 72 -67
12 74 59
12 75 92
12 76 -37
12 77 49
12 79 -32
12 80 6
12 81 -75
12 83 13
12 84 62
12 88 18
12 93 57
12 94 38
12 95 -97
12 96 -85
12 98 31
12 99 -74
13 14 16
13 16 59
13 17 -95
13 20 -79
13 21 -99
13 26 96
13 28 -90
13 29 81
13 31 49
13 32 -67
13 34 90
13 36 54
13 37 -16
13 38 -21
13 45 81
13 46 -23
13 47 91
13 49 -61
13 50 -42
13 51 -44
13 55 -66
13 56 -98
13 57 4
13 59 -8
13 60 -11
13 61 74
13 62 44
13 65 34
13 66 -34
13 67 -67
13 69 17
13 74 91
13 76 84
13 77 72
13 78 33
13 80 82
13 81 -11
13 83 -82
13 85 50
13 86 50
13 87 -39
13 88 -68
13 89 -27
13 90 -48
13 91 71
13 92 -78
13 93 -15
13 94 33
13 96 -76
13 98 57
14 15 69
14 17 19
14 18 22
14 20 -79
14 21 78
14 23 -58
14 24 69
14 26 16
14 27 -15
14 29 -16
14 30 22
14 31 91
14 32 12
14 33 44
14 34 -35
14 35 -37
14 36 46
14 37 6
14 38 8
14 39 -46
14 40 41
14 41 -66
14 42 57
14 43 36
14 44 -78
14 45 -33
14 46 -62
14 48 -83
14 49 -5
14 51 15
14 52 20
14 53 -14
14 54 -14
14 55 20
14 58 85
14 59 96
14 60 -34
14 61 -71
14 63 6
14 64 73
14 66 -1
14 67 76
14 68 28
14 70 0
14 73 -45
14 74 -97
14 75 -58
14 77 82
14 78 -5
14 82 -77
14 84 91
14 86 -40
14 88 -62
14 89 44
14 90 95
14 91 -86
14 93 -23
14 94 90
14 95 -20
14 96 -74
14 98 -7
14 99 31
15 16 76
15 17 27
15 19 99
15 21 -33
15 22 -86
15 25 6
15 26 -25
15 29 99
15 32 -56
15 33 -61
15 35 7
15 36 17
15 37 -4
15 38 -64
15 40 -52
15 41 -76
15 42 -97
15 43 98
15 44 -60
15 45 13
15 46 -12
15 47 73
15 48 21
15 49 -98
15 50 -100
15 51 2
15 52 66
15 54 -78
15 55 75
15 56 -92
15 57 87
15 58 32
15 60 -97
15 62 -60
15 63 -13
15 65 74
15 66 58
15 67 6
15 69 59
15 70 -21
15 71 55
15 73 12
15 74 -91
15 75 -92
15 76 -6
15 77 63
15 78 -9
15 79 -52
15 80 9
15 81 66
15 82 -66
15 87 -42
15 88 65
15 91 30
15 93 13
15 97 35
15 99 -65
16 17 52
16 20 -95
16 21 5
16 22 -86
16 23 67
16 24 78
16 26 -35
16 29 -90
16 31 -61
16 32 -6
16 33 12
16 36 75
16 37 28
16 38 56
16 39 76
16 40 -17
16 43 -11
16 45 -57
16 48 2
16 49 -10
16 51 -22
16 52 -71
16 53 -43
16 54 -2
16 55 -33
16 56 15
16 58 -14
16 59 14
16 60 38
16 61 5
16 62 -11
16 66 -40
16 68 -17
16 72 -52
16 74 -49
16 77 -2
16 78 -4
16 82 -32
16 84 -32
16 90 98
16 94 67
16 96 -99
16 97 52
16 98 -5
17 18 -43
17 19 -35
17 20 34
17 21 83
17 22 -22
17 24 -6
17 26 81
17 28 -57
17 31 6
17 34 -78
17 35 5
17 36 23
17 37 13
17 38 -20
17 39 -54
17 40 91
17 42 42
17 45 -55
17 46 -92
17 47 54
17 48 -95
17 50 -63
17 51 -51
17 52 -75
17 53 10
17 55 74
17 58 -68
17 59 -62
17 61 59
17 65 61
17 66 60
17 68 -64
17 69 -50
17 74 -60
17 76 -21
17 77 -7
17 78 -85
17 79 64
17 82 -83
17 83 -65
17 85 -77
17 86 -84
17 88 75
17 92 -37
17 93 44
17 94 19
17 95 32
17 96 93
17 97 89
17 98 -20
17 99 34
18 20 -5
18 21 -42
18 22 68
18 23 -61
18 24 -75
18 26 45
18 27 -26
18 28 21
18 30 -5
18 31 -97
18 32 87
18 33 13
18 35 -53
18 36 14
18 37 23
18 41 -39
18 42 78
18 43 54
18 44 -48
18 45 83
18 46 -93
18 47 -52
18 48 19
18 49 42
18 53 -23
18 54 11
18 55 99
18 57 5
18 59 -59
18 60 -59
18 61 4
18 63 17
18 64 41
18 67 -48
18 68 78
18 69 -86
18 72 -67
18 73 68
18 75 -85
18 77 -59
18 80 -48
18 81 -19
18 84 -17
18 86 86
18 87 -35
18 88 67
18 92 -37
18 93 34
18 94 -71
18 96 85
18 98 8
18 99 -18
19 20 -99
19 21 -17
19 23 -13
19 24 -51
19 26 51
19 28 -44
19 29 -53
19 33 -27
19 34 -65
19 35 91
19 36 -94
19 39 -62
19 40 -82
19 42 47
19 43 3
19 45 46
19 46 96
19 48 66
19 49 64
19 54 -32
19 59 -54
19 60 -44
19 61 -90
19 62 -83
19 63 -74
19 64 -37
19 68 2
19 69 -29
19 71 -23
19 73 -91
19 74 -22
19 76 -2
19 78 -54
19 80 -85
19 81 80
19 82 -38
19 83 49
19 84 29
19 85 -14
19 88 88
19 89 50
19 91 -43
19 92 71
19 96 86
19 98 -75
19 99 -32
20 21 -60
20 23 -40
20 25 -84
20 26 -29
20 27 16
20 28 -19
20 30 60
20 31 -27
20 32 -11
20 33 42
20 37 63
20 38 18
20 39 52
20 41 37
20 42 -30
20 43 98
20 45 66
20 48 -58
20 50 -100
20 51 -16
20 52 63
20 53 -56
20 54 10
20 55 82
20 56 83
20 57 -76
20 63 -59
20 65 -15
20 66 95
20 67 -3
20 70 24
20 71 -41
20 74 96
20 75 69
20 77 -36
20 78 40
20 79 -30
20 80 -45
20 82 -14
20 83 37
20 84 15
20 85 32
20 89 -43
20 91 52
20 93 25
20 94 81
20 95 -23
20 96 95
20 97 -11
20 98 -28
21 22 46
21 23 -70
21 24 -22
21 25 20
21 26 67
21 27 -57
21 29 -20
21 32 60
21 33 -33
21 34 83
21 35 65
21 36 85
21 41 96
21 42 -30
21 43 90
21 44 62
21 45 -64
21 46 -10
21 47 -1
21 49 59
21 51 -5
21 54 15
21 56 -44
21 58 38
21 59 -26
21 63 -27
21 66 14
21 68 -34
21 69 -7
21 70 83
21 71 43
21 75 19
21 77 89
21 78 -63
21 80 25
21 83 81
21 84 -74
21 85 -60
21 87 -33
21 88 34
21 89 -89
21 93 69
21 97 -18
21 98 -78
21 99 -64
22 24 -98
22 25 39
22 26 -34
22 27 71
22 28 48
22 31 -51
22 32 6
22 34 -51
22 35 58
22 38 -8
22 41 33
22 42 48
22 43 -14
22 45 -20
22 47 -31
22 51 -33
22 53 75
22 55 -21
22 56 55
22 57 -24
22 60 -66
22 62 22
22 65 51
22 66 -14
22 67 68
22 68 5
22 69 44
22 71 -79
22 72 -15
22 73 88
22 77 -5
22 78 98
22 79 -84
22 80 85
22 82 6
22 83 -78
22 86 93
22 87 45
22 88 -63
22 92 -75
22 93 45
22 95 11
22 96 -63
22 97 99
22 98 16
22 99 62
23 25 -53
23 26 96
23 27 -26
23 28 52
23 29 -17
23 31 52
23 34 -79
23 36 -57
23 38 -9
23 39 68
23 40 -16
23 41 -97
23 42 -40
23 43 -74
23 44 -38
23 46 -89
23 48 -6
23 49 -3
23 51 -53
23 52 68
23 53 -32
23 55 -66
23 56 55
23 58 26
23 60 -3
23 61 99
23 62 -59
23 63 2
23 64 -42
23 65 -27
23 69 25
23 71 -100
23 72 -89
23 73 -42
23 74 8
23 76 -5
23 77 -25
23 78 -93
23 79 84
23 80 17
23 81 -5
23 82 24
23 84 -77
23 86 36
23 91 -69
23 92 74
23 93 33
23 95 92
23 96 -47
23 98 -60
24 26 97
24 27 71
24 29 -94
24 31 51
24 33 -1
24 34 -88
24 35 34
24 36 -100
24 38 -97
24 39 -96
24 43 55
24 45 -83
24 47 -57
24 48 49
24 51 86
24 52 -88
24 53 -3
24 54 73
24 55 35
24 56 -3
24 59 43
24 60 86
24 62 48
24 63 -39
24 66 48
24 67 -52
24 70 65
24 71 7
24 73 10
24 74 -36
24 75 32
24 76 -67
24 77 -47
24 78 -25
24 79 -21
24 82 -6
24 84 24
24 85 66
24 86 -44
24 87 -72
24 88 -70
24 89 -13
24 91 91
24 93 32
24 95 -10
24 96 -61
24 98 71
25 26 25
25 27 -93
25 29 68
25 30 9
25 37 -13
25 39 -72
25 44 -100
25 45 91
25 46 -73
25 47 -33
25 48 8
25 50 68
25 52 18
25 53 -12
25 57 -94
25 58 -55
25 60 -73
25 62 -84
25 65 -6
25 66 50
25 67 85
25 68 -14
25 69 -57
25 70 17
25 73 -73
25 74 -15
25 75 88
25 78 -81
25 79 52
25 80 -67
25 82 -40
25 84 -34
25 85 -13
25 87 84
25 88 65
25 89 -26
25 90 91
25 93 -22
25 94 10
25 97 -62
25 98 87
25 99 -39
26 27 -53
26 28 -67
26 29 40
26 30 9
26 31 -60
26 33 -6
26 34 -9
26 37 -55
26 38 -44
26 40 -94
26 41 78
26 42 58
26 43 74
26 45 -36
26 47 -28
26 49 -28
26 50 25
26 52 -49
26 53 33
26 54 4
26 56 -87
26 58 11
26 61 -25
26 64 40
26 66 67
26 69 26
26 72 88
26 73 65
26 74 12
26 75 25
26 78 -62
26 79 -89
26 80 32
26 81 -70
26 82 39
26 83 47
26 86 -91
26 87 -41
26 88 74
26 92 -22
26 93 -44
26 95 94
26 96 -90
26 97 34
26 98 21
26 99 -49
27 29 54
27 30 -53
27 32 18
27 34 13
27 35 41
27 36 -35
27 37 0
27 40 -68
27 41 65
27 42 3
27 43 59
27 45 -77
27 46 93
27 49 93
27 50 83
27 51 41
27 52 53
27 54 38
27 56 -15
27 57 -5
27 58 -23
27 60 23
27 61 -19
27 62 15
27 63 -59
27 64 -42
27 65 51
27 66 -35
27 68 99
27 69 -99
27 70 -26
27 71 -54
27 73 23
27 75 -68
27 76 -25
27 78 86
27 81 -95
27 83 70
27 85 -67
27 86 -75
27 87 73
27 89 19
27 90 -19
27 93 -77
27 94 93
27 96 -31
27 97 -74
27 98 -97
27 99 28
28 30 -80
28 32 -24
28 35 -2
28 37 -72
28 38 21
28 39 51
28 42 -71
28 43 40
28 45 -51
28 46 -12
28 47 63
28 48 -13
28 49 -14
28 50 23
28 52 -9
28 53 -47
28 54 24
28 55 -75
28 56 -82
28 59 26
28 61 -39
28 63 -75
28 64 45
28 65 -80
28 67 1
28 68 56
28 70 53
28 72 -99
28 75 -6
28 79 40
28 80 -75
28 81 65
28 83 0
28 84 91
28 86 -96
28 88 82
28 89 -30
28 90 68
28 91 -27
28 93 60
28 94 86
28 96 -12
28 97 27
28 98 -13
29 30 42
29 31 60
29 32 68
29 33 -84
29 34 38
29 36 52
29 37 -55
29 38 -13
29 39 41
29 40 74
29 48 15
29 49 39
29 53 -30
29 54 -99
29 58 72
29 60 45
29 61 28
29 63 96
29 64 -73
29 65 39
29 67 -49
29 69 -90
29 70 60
29 71 54
29 74 65
29 75 -8
29 76 33
29 77 -59
29 80 77
29 83 -47
29 85 -31
29 86 29
29 87 -3
29 88 62
29 89 37
29 91 -57
29 92 -84
29 93 -70
29 95 -58
29 96 -56
30 32 56
30 33 14
30 36 -91
30 38 -84
30 41 -63
30 42 -63
30 43 23
30 45 74
30 46 32
30 48 -44
30 49 -49
30 50 3
30 51 75
30 54 -14
30 56 -15
30 60 -43
30 61 -27
30 62 25
30 63 -25
30 65 -1
30 66 -53
30 69 16
30 70 -31
30 71 -86
30 72 -99
30 73 -90
30 74 33
30 75 -19
30 77 -100
30 78 -87
30 79 -12
30 81 -19
30 82 -43
30 84 -63
30 85 -47
30 86 -60
30 87 -10
30 89 89
30 91 -48
30 92 -89
30 93 -26
30 94 -84
30 95 83
30 96 27
30 98 -79
30 99 32
31 33 -79
31 35 -61
31 36 -11
31 38 -19
31 39 -88
31 41 66
31 42 0
31 43 -29
31 46 -13
31 49 25
31 52 96
31 53 -93
31 55 -44
31 58 -25
31 59 -35
31 60 -41
31 61 -25
31 62 24
31 63 7
31 67 35
31 69 -85
31 70 -21
31 71 -14
31 76 -88
31 77 -63
31 79 -100
31 80 50
31 82 -32
31 83 -69
31 84 48
31 86 -84
31 91 -35
31 92 18
31 94 -85
31 95 15
31 96 -29
31 97 75
31 98 20
31 99 2
32 33 -88
32 35 28
32 36 -35
32 37 -33
32 39 -21
32 40 94
32 41 42
32 42 6
32 43 -63
32 44 79
32 46 92
32 48 -77
32 50 17
32 51 -60
32 52 41
32 53 32
32 54 -98
32 57 19
32 58 -100
32 59 -74
32 63 -3
32 66 36
32 67 100
32 69 14
32 70 -18
32 71 24
32 72 -89
32 73 -49
32 74 -59
32 77 -9
32 78 99
32 81 91
32 87 -69
32 88 2
32 89 79
32 91 35
32 92 11
32 93 -58
32 94 59
32 95 -96
32 96 21
32 97 25
32 98 17
33 34 74
33 37 15
33 38 -37
33 39 -69
33 40 86
33 41 -25
33 44 20
33 45 48
33 46 77
33 48 -17
33 50 -47
33 51 -44
33 52 86
33 53 -75
33 55 43
33 57 -23
33 58 -80
33 59 98
33 60 -45
33 62 37
33 63 -95
33 65 52
33 66 33
33 68 17
33 72 69
33 73 -82
33 74 85
33 75 -31
33 76 -16
33 78 -19
33 79 -62
33 82 25
33 83 22
33 86 32
33 92 -87
33 93 52
33 95 -31
33 97 81
34 35 -11
34 36 61
34 37 -64
34 39 50
34 40 40
34 41 50
34 42 -82
34 43 33
34 44 14
34 45 45
34 46 93
34 47 -25
34 48 0
34 50 27
34 51 -62
34 53 -41
34 56 87
34 60 -4
34 63 30
34 64 82
34 65 84
34 66 31
34 70 -47
34 71 -13
34 75 80
34 76 -60
34 77 -47
34 78 60
34 79 -30
34 80 54
34 81 25
34 82 -29
34 83 -20
34 84 -8
34 87 65
34 90 -85
34 92 33
34 93 90
34 94 12
34 96 2
34 98 29
34 99 -32
35 40 74
35 42 -19
35 43 8
35 45 -48
35 46 -80
35 48 -46
35 50 -23
35 52 -96
35 53 39
35 54 81
35 57 99
35 58 93
35 59 85
35 60 -96
35 61 -96
35 62 5
35 63 22
35 64 91
35 65 -26
35 66 93
35 68 -80
35 69 -49
35 71 -86
35 72 -9
35 78 1
35 79 18
35 80 86
35 81 25
35 82 1
35 84 53
35 86 61
35 87 32
35 88 58
35 89 -58
35 90 -20
35 92 -32
35 96 -3
35 97 29
35 99 -60
36 38 -45
36 39 -25
36 40 39
36 46 43
36 47 21
36 48 -75
36 50 -21
36 53 21
36 55 27
36 56 -11
36 57 -30
36 60 61
36 61 15
36 65 -76
36 66 -44
36 67 76
36 68 -12
36 69 -68
36 71 -69
36 73 28
36 74 37
36 75 -16
36 76 54
36 77 84
36 78 39
36 79 17
36 82 40
36 83 76
36 85 -47
36 86 33
36 88 -26
36 89 94
36 90 34
36 91 81
36 94 -63
36 95 77
36 96 10
37 39 -86
37 40 70
37 41 -51
37 43 37
37 46 90
37 47 1
37 48 -91
37 49 26
37 50 0
37 51 72
37 52 -12
37 54 -97
37 55 -10
37 57 31
37 58 -19
37 59 -39
37 60 -70
37 61 9
37 66 10
37 69 48
37 70 43
37 71 13
37 72 64
37 73 -56
37 75 -23
37 76 71
37 77 10
37 78 -70
37 79 -57
37 81 80
37 82 -71
37 83 99
37 88 49
37 89 98
37 91 22
37 92 11
37 94 17
37 97 65
37 98 82
37 99 -57
38 40 -53
38 41 98
38 42 60
38 43 46
38 44 37
38 47 67
38 48 42
38 51 66
38 52 66
38 54 28
38 55 -79
38 58 63
38 60 -14
38 61 71
38 63 -84
38 64 4
38 65 -57
38 68 8
38 69 7
38 71 -80
38 72 45
38 73 -15
38 78 -29
38 79 9
38 81 28
38 82 -27
38 83 -93
38 85 53
38 86 -88
38 89 71
38 90 -23
38 91 -62
38 93 78
38 95 71
38 96 -89
38 99 33
39 41 63
39 43 69
39 47 -57
39 48 85
39 49 96
39 50 1
39 51 64
39 53 -57
39 64 55
39 65 -68
39 66 -64
39 68 47
39 69 -77
39 70 -67
39 73 0
39 75 -76
39 77 25
39 78 -83
39 79 64
39 80 -42
39 81 -47
39 85 -96
39 87 -79
39 89 40
39 90 -58
39 91 10
39 94 -18
39 96 -36
39 97 -91
39 99 69
40 42 -26
40 43 -28
40 46 70
40 48 -71
40 49 -41
40 52 39
40 55 -88
40 57 -100
40 59 74
40 60 -31
40 62 92
40 63 -12
40 64 82
40 65 -94
40 68 -75
40 71 25
40 73 26
40 75 16
40 76 -75
40 78 -30
40 79 -17
40 82 -90
40 83 81
40 87 52
40 88 -49
40 92 54
40 93 92
40 94 -36
40 95 -67
40 96 17
40 97 70
40 98 -74
40 99 -65
41 42 -91
41 43 -71
41 45 -71
41 48 17
41 52 83
41 53 -85
41 54 43
41 55 35
41 57 84
41 60 51
41 61 -85
41 62 -29
41 63 69
41 64 96
41 69 9
41 71 48
41 73 -90
41 74 -8
41 75 35
41 77 37
41 78 94
41 79 28
41 81 -30
41 83 -51
41 85 76
41 86 78
41 87 69
41 88 4
41 89 -5
41 90 48
41 94 33
41 95 14
41 98 94
42 44 -92
42 45 -68
42 46 -2
42 47 77
42 48 48
42 49 -99
42 51 -88
42 52 44
42 54 -15
42 55 -90
42 56 -46
42 57 -90
42 59 -38
42 60 -32
42 61 -30
42 62 86
42 64 -47
42 65 43
42 66 -94
42 68 -19
42 69 10
42 70 -74
42 74 -7
42 75 45
42 76 -74
42 78 -73
42 79 -31
42 80 30
42 82 49
42 83 -6
42 86 66
42 87 21
42 88 50
42 89 60
42 90 -7
42 93 13
42 96 89
42 97 -78
43 45 -15
43 46 21
43 49 83
43 51 -95
43 52 -79
43 54 60
43 56 74
43 57 70
43 58 29
43 61 -89
43 63 -61
43 66 -34
43 67 53
43 68 -11
43 69 29
43 71 82
43 72 94
43 73 63
43 74 -53
43 76 -35
43 78 -12
43 81 -73
43 82 -67
43 83 20
43 84 52
43 87 -26
43 89 -45
43 90 61
43 92 -20
43 95 26
43 96 39
43 97 -67
44 45 28
44 47 -88
44 48 43
44 49 -82
44 50 -47
44 52 -89
44 57 -58
44 58 18
44 59 30
44 61 -36
44 62 -76
44 64 -38
44 66 -33
44 67 97
44 68 43
44 70 83
44 72 74
44 73 -44
44 75 -24
44 77 50
44 78 78
44 79 -30
44 81 -17
44 82 71
44 83 84
44 87 41
44 88 -12
44 89 -51
44 90 26
44 91 -56
44 92 -89
44 94 -35
44 95 79
44 96 65
44 97 -55
44 98 27
44 99 76
45 47 90
45 49 -27
45 50 95
45 53 41
45 55 -25
45 56 -37
45 57 49
45 60 -5
45 63 71
45 64 91
45 66 -46
45 67 -54
45 68 -42
45 70 69
45 72 47
45 73 -95
45 74 90
45 76 -71
45 77 -94
45 78 -25
45 81 -30
45 82 92
45 83 39
45 84 2
45 85 -61
45 86 -42
45 88 93
45 89 5
45 90 9
45 92 -24
45 93 5
45 95 -22
45 96 4
45 97 -50
46 47 -89
46 48 33
46 51 85
46 52 35
46 53 23
46 54 29
46 58 95
46 59 -12
46 61 51
46 62 -95
46 63 23
46 65 -51
46 67 68
46 72 -75
46 76 8
46 79 -28
46 83 86
46 84 77
46 85 -67
46 86 -76
46 87 -67
46 88 -84
46 89 32
46 90 -100
46 91 -6
46 94 21
46 96 72
46 98 -76
46 99 -63
47 48 -61
47 51 -69
47 52 62
47 53 -11
47 55 -89
47 58 -75
47 61 -41
47 64 36
47 65 28
47 66 -5
47 68 -73
47 71 46
47 72 97
47 74 -35
47 77 35
47 81 26
47 84 -86
47 86 75
47 87 38
47 88 87
47 92 0
47 94 62
47 95 -29
47 96 -73
47 97 69
47 98 -56
48 50 -22
48 51 -94
48 52 -30
48 53 -80
48 55 77
48 57 -82
48 58 -83
48 59 -72
48 61 -30
48 63 -4
48 64 61
48 66 -53
48 67 66
48 68 77
48 74 -6
48 75 86
48 76 46
48 77 78
48 78 74
48 79 64
48 80 78
48 82 -49
48 85 83
48 87 19
48 88 -3
48 90 76
48 91 29
48 96 -55
48 97 -33
48 98 -4
48 99 -2
49 51 10
49 52 -84
49 53 -7
49 54 6
49 56 -85
49 57 41
49 58 -75
49 60 3
49 61 6
49 62 20
49 64 90
49 65 -21
49 66 7
49 67 80
49 70 -54
49 72 -91
49 74 -22
49 77 -77
49 78 12
49 79 79
49 80 -25
49 81 -94
49 82 -43
49 85 -13
49 86 -60
49 91 -88
49 93 -74
49 94 52
49 97 -20
49 98 -85
50 51 5
50 52 85
50 54 -98
50 55 -3
50 56 -48
50 57 19
50 60 21
50 61 28
50 62 -83
50 66 -11
50 69 -87
50 70 -99
50 73 40
50 74 -31
50 76 56
50 77 -20
50 78 20
50 79 -36
50 80 -9
50 83 -75
50 84 -20
50 86 67
50 87 95
50 88 24
50 92 27
50 94 -91
50 95 50
50 98 -89
50 99 -47
51 52 -88
51 56 -93
51 57 81
51 59 -7
51 60 55
51 61 13
51 62 -72
51 64 20
51 66 -35
51 67 -77
51 69 -70
51 70 -12
51 75 49
51 76 35
51 77 51
51 79 18
51 80 48
51 82 -70
51 84 10
51 85 17
51 86 69
51 88 -72
51 89 -50
51 90 -5
51 91 19
51 95 -13
51 99 -96
52 53 49
52 54 24
52 55 -17
52 56 -73
52 60 17
52 61 62
52 62 97
52 63 59
52 64 -81
52 65 -27
52 70 51
52 73 0
52 77 46
52 78 54
52 80 -50
52 82 72
52 83 36
52 84 -6
52 86 93
52 89 -69
52 91 77
52 92 -67
52 93 32
52 95 -73
52 96 -86
52 97 -76
52 98 68
52 99 -30
53 55 65
53 58 -28
53 59 -93
53 60 31
53 62 -1
53 63 71
53 64 -14
53 66 -76
53 68 48
53 71 -98
53 73 -50
53 76 22
53 77 49
53 80 95
53 81 35
53 84 16
53 89 42
53 91 88
53 92 3
53 93 -38
53 94 -20
53 96 48
53 99 63
54 57 -4
54 58 55
54 60 24
54 61 -56
54 63 -32
54 64 -60
54 65 21
54 69 -95
54 70 100
54 71 -94
54 72 61
54 73 73
54 76 -50
54 78 66
54 82 -59
54 86 -79
54 87 -23
54 88 65
54 91 -34
54 94 -30
54 95 -41
54 97 -21
55 57 -98
55 59 15
55 60 -87
55 61 -17
55 62 -9
55 63 -30
55 64 -12
55 65 79
55 67 -94
55 68 -76
55 69 -16
55 71 40
55 72 84
55 75 90
55 76 28
55 77 -90
55 78 54
55 79 87
55 82 30
55 84 -77
55 86 -16
55 88 38
55 89 3
55 91 64
55 93 -32
55 95 -60
55 97 89
55 99 66
56 57 -37
56 58 19
56 59 99
56 60 -36
56 62 -38
56 63 -82
56 65 -3
56 66 1
56 68 -70
56 69 22
56 71 25
56 72 -76
56 77 -29
56 80 -8
56 82 29
56 83 0
56 84 93
56 89 -100
56 90 52
56 93 51
56 94 -71
56 98 -89
57 58 72
57 59 -6
57 62 36
57 63 17
57 64 67
57 65 46
57 67 -40
57 68 -20
57 70 -22
57 71 -72
57 72 -6
57 74 57
57 78 90
57 79 -18
57 82 98
57 83 -28
57 85 69
57 87 73
57 88 -85
57 90 13
57 92 22
57 95 98
57 97 63
57 98 -74
57 99 72
58 61 14
58 64 35
58 67 -32
58 68 51
58 70 -81
58 72 76
58 73 -4
58 74 -96
58 75 4
58 76 37
58 77 55
58 79 -19
58 80 -77
58 81 -88
58 82 -82
58 84 -47
58 87 -99
58 88 52
58 90 -31
58 93 -24
58 94 54
58 96 34
59 60 -78
59 61 -9
59 62 -92
59 63 48
59 66 -9
59 67 46
59 69 59
59 70 -12
59 71 -17
59 73 -8
59 76 86
59 79 -63
59 81 47
59 83 20
59 85 42
59 87 -42
59 88 -16
59 89 61
59 91 -37
59 92 -100
59 96 -56
59 97 5
59 98 6
59 99 -14
60 61 24
60 62 -53
60 64 -33
60 65 -60
60 68 -32
60 71 -40
60 72 13
60 76 -52
60 80 -38
60 81 61
60 82 2
60 83 -46
60 84 -85
60 85 5
60 87 -52
60 88 -73
60 89 -75
60 90 18
60 91 -96
60 93 -66
60 97 37
61 63 48
61 64 98
61 65 100
61 67 -93
61 69 19
61 70 -48
61 72 -86
61 75 52
61 76 -47
61 77 -76
61 79 79
61 81 -43
61 86 -6
61 88 84
61 89 -26
61 90 30
61 94 95
61 96 93
61 97 34
61 99 -25
62 63 39
62 64 62
62 69 -14
62 71 -41
62 72 -38
62 73 90
62 74 -49
62 76 -23
62 85 24
62 86 94
62 87 -90
62 90 -36
62 93 -98
62 94 51
62 95 -17
62 97 -32
62 98 24
62 99 -85
63 66 -48
63 67 -56
63 69 69
63 70 86
63 71 98
63 73 2
63 75 65
63 76 -59
63 78 -49
63 79 -51
63 80 50
63 82 5
63 84 -89
63 85 -76
63 86 -96
63 87 -27
63 88 -40
63 89 -57
63 90 6
63 91 -87
63 92 67
63 93 -9
63 94 38
63 95 1
63 96 -95
63 97 -69
64 65 97
64 66 -68
64 67 23
64 68 -5
64 69 -17
64 70 -57
64 71 -34
64 74 -100
64 75 -97
64 76 68
64 77 -87
64 85 10
64 86 20
64 89 100
64 90 25
64 92 93
64 93 28
64 97 15
64 98 20
65 66 -18
65 67 -32
65 68 -2
65 69 96
65 70 -81
65 71 -59
65 72 -84
65 73 35
65 74 -73
65 75 55
65 76 -76
65 79 20
65 83 -45
65 84 36
65 85 -85
65 87 62
65 89 -2
65 90 -20
65 91 -92
65 96 29
65 97 -97
65 98 100
65 99 89
66 67 28
66 68 -14
66 70 -69
66 71 -53
66 72 -42
66 73 -67
66 74 61
66 75 92
66 76 30
66 77 11
66 78 50
66 79 60
66 80 -57
66 81 86
66 83 10
66 84 -23
66 85 -56
66 86 -31
66 87 33
66 88 -10
66 89 23
66 90 19
66 91 37
66 93 30
66 99 -49
67 68 -90
67 69 -1
67 71 34
67 73 -42
67 75 54
67 81 41
67 83 12
67 85 -90
67 86 6
67 87 47
67 88 -17
67 89 -41
67 90 -58
67 94 -47
67 95 34
67 98 -61
67 99 -23
68 69 -13
68 71 -28
68 72 55
68 73 73
68 75 0
68 76 84
68 77 76
68 78 10
68 80 7
68 83 -60
68 84 -39
68 86 -18
68 88 -20
68 93 18
68 95 9
68 97 -56
68 98 -39
68 99 7
69 70 -45
69 71 -10
69 74 55
69 75 93
69 77 6
69 78 -95
69 79 32
69 80 37
69 81 72
69 82 -52
69 84 -97
69 85 88
69 86 2
69 87 -14
69 91 47
69 92 86
69 95 -48
69 96 14
69 97 47
70 71 -5
70 76 42
70 77 54
70 82 76
70 83 -98
70 88 -62
70 91 -39
70 94 -97
70 96 15
70 97 83
70 98 -34
71 72 -66
71 79 94
71 80 92
71 85 2
71 86 15
71 87 -68
71 88 35
71 89 38
71 91 -22
71 92 72
71 96 95
71 98 -43
72 75 -67
72 76 -82
72 77 -45
72 78 75
72 79 9
72 81 -77
72 82 50
72 83 -7
72 84 -5
72 87 -46
72 88 -65
72 89 69
72 91 60
72 92 -40
72 94 -47
72 96 -17
72 99 -69
73 74 42
73 76 -63
73 77 -16
73 79 38
73 81 66
73 83 62
73 88 -8
73 89 -56
73 91 4
73 95 25
73 96 82
73 98 56
74 76 97
74 77 -62
74 78 -1
74 79 48
74 80 83
74 82 55
74 83 78
74 84 68
74 85 12
74 86 18
74 88 86
74 89 30
74 90 -23
74 92 100
74 93 18
74 94 45
74 95 29
74 99 -95
75 78 5
75 79 -96
75 80 54
75 84 -22
75 88 59
75 89 -57
75 92 47
75 94 92
75 95 -11
75 96 3
76 77 100
76 78 -48
76 80 -7
76 81 37
76 82 -32
76 83 -64
76 85 94
76 88 57
76 89 -14
76 92 31
76 94 83
76 95 66
76 97 -2
76 99 -100
77 78 -76
77 79 52
77 80 -59
77 81 -40
77 82 49
77 83 -33
77 84 -78
77 85 100
77 87 -50
77 88 66
77 89 8
77 90 -87
77 91 -12
77 95 -99
77 96 -18
77 99 9
78 80 -98
78 81 -84
78 83 -73
78 85 -3
78 87 55
78 88 26
78 91 60
78 92 67
78 93 81
78 94 43
78 95 -62
78 97 72
78 99 -16
79 80 62
79 81 -81
79 82 52
79 84 -75
79 86 6
79 87 -10
79 88 -74
79 89 51
79 91 -83
79 92 26
79 93 1
79 96 64
79 97 -99
80 82 -98
80 83 99
80 85 -2
80 87 57
80 88 73
80 89 21
80 91 -55
80 93 -53
80 94 -97
80 95 -14
80 97 32
81 82 -2
81 87 -31
81 88 -22
81 89 54
81 90 -70
81 92 -85
81 93 79
81 94 -77
81 97 -95
81 99 -97
82 84 -58
82 87 -42
82 88 -100
82 89 -70
82 91 53
82 92 -89
82 93 93
82 94 -82
82 95 42
82 96 69
83 84 -31
83 85 -73
83 86 6
83 88 17
83 96 -30
83 99 8
84 85 84
84 88 58
84 91 -14
84 92 -74
84 94 54
84 95 22
84 96 -77
84 97 70
84 99 -62
85 86 -74
85 90 65
85 91 -26
85 92 -6
85 94 -28
85 96 12
85 97 35
85 98 14
85 99 94
86 87 -10
86 88 -20
86 89 -48
86 92 -20
86 93 -16
86 94 73
86 96 -93
86 97 33
86 98 72
87 90 71
87 93 -13
87 95 93
87 97 -98
87 99 25
88 90 44
88 93 -72
88 95 30
88 96 -16
88 97 -11
88 98 -81
88 99 -90
89 90 66
89 91 63
89 92 -37
89 93 -96
89 94 98
89 95 -99
89 96 2
89 97 20
89 98 58
89 99 -8
90 91 78
90 93 84
90 96 7
90 98 87
90 99 -100
91 92 19
91 93 -27
91 96 9
91 98 65
91 99 -42
92 96 35
92 97 -37
92 99 -66
93 95 -73
93 96 -89
94 95 -18
94 97 51
94 98 -78
95 97 -77
96 97 -28
96 99 15
97 98 -75
97 99 33
