0 1 33
0 3 58
0 5 37
0 6 -92
0 7 -57
0 8 -91
0 9 -72
0 10 -67
0 11 -92
0 12 -83
0 13 99
0 14 21
0 15 -9
0 17 49
0 19 55
0 20 26
0 21 -69
0 22 35
0 23 -18
0 24 -97
0 25 -30
0 26 -57
0 27 67
0 28 7
0 29 -20
0 31 87
0 32 18
0 33 88
0 35 87
0 36 100
0 37 -6
0 38 15
0 39 96
0 41 -17
0 42 3
0 43 -50
0 44 34
0 45 74
0 47 -56
0 48 87
0 49 -49
0 50 -83
0 51 95
0 52 -49
0 53 -35
0 54 17
0 55 -34
0 56 -59
0 57 -19
0 58 -79
0 59 23
0 60 -23
0 61 44
0 62 -94
0 63 -18
0 64 84
0 65 73
0 66 12
0 67 -70
0 68 10
0 69 94
0 70 95
0 71 31
0 72 32
0 73 43
0 74 -10
0 75 50
0 76 28
0 77 41
0 78 85
0 80 -71
0 81 70
0 82 -56
0 83 -87
0 84 11
0 85 -55
0 86 25
0 87 -32
0 88 99
0 89 -41
0 91 -35
0 92 -93
0 93 -37
0 94 -98
0 96 -98
0 97 -62
0 98 -6
0 99 70
1 2 -75
1 3 1
1 4 -25
1 5 -84
1 6 -85
1 7 41
1 8 49
1 9 22
1 10 69
1 11 -59
1 12 -94
1 13 19
1 14 -65
1 15 2
1 16 78
1 17 -100
1 18 -12
1 19 38
1 20 -56
1 21 86
1 22 16
1 23 65
1 24 -27
1 25 77
1 26 20
1 27 -99
1 28 50
1 31 -62
1 34 10
1 35 -69
1 36 -61
1 37 80
1 38 11
1 39 -40
1 40 -3
1 41 -9
1 42 -84
1 43 -31
1 44 -29
1 45 0
1 46 -34
1 47 -45
1 48 23
1 49 32
1 50 45
1 51 12
1 53 19
1 54 -13
1 55 42
1 56 1
1 57 59
1 58 -16
1 59 27
1 60 57
1 61 2
1 62 45
1 63 -3
1 64 -38
1 65 41
1 66 -13
1 67 -87
1 68 -67
1 69 67
1 70 73
1 71 -38
1 72 -13
1 73 -6
1 74 67
1 75 3
1 76 -79
1 77 27
1 78 25
1 79 9
1 80 -47
1 81 -30
1 82 -16
1 83 -25
1 84 15
1 85 70
1 86 -91
1 87 -22
1 88 34
1 89 -34
1 90 38
1 91 -82
1 92 -96
1 93 97
1 94 39
1 95 77
1 96 3
1 97 -57
2 4 7
2 6 -80
2 7 -48
2 8 -48
2 9 -49
2 10 -14
2 11 -36
2 12 -58
2 13 80
2 14 -81
2 15 -37
2 16 92
2 17 -46
2 18 38
2 19 -71
2 20 89
2 21 28
2 22 -46
2 23 60
2 24 28
2 25 32
2 26 61
2 27 3
2 28 -41
2 29 -15
2 30 -42
2 31 50
2 33 12
2 34 1
2 35 13
2 36 -18
2 37 -90
2 38 60
2 39 20
2 40 -52
2 41 70
2 42 36
2 43 -16
2 44 94
2 45 -44
2 46 91
2 47 33
2 48 -3
2 49 4
2 50 9
2 51 -79
2 52 42
2 54 -43
2 55 23
2 56 -59
2 57 54
2 58 -68
2 59 80
2 60 -25
2 61 -19
2 62 -5
2 63 -41
2 64 -71
2 65 22
2 66 -38
2 67 -14
2 68 -61
2 69 30
2 71 51
2 72 6
2 73 -48
2 74 71
2 75 -36
2 77 75
2 78 -75
2 79 -73
2 80 -6
2 81 76
2 84 44
2 85 -23
2 86 24
2 87 -9
2 88 49
2 89 -74
2 90 85
2 91 -77
2 92 94
2 94 74
2 95 68
2 97 -47
2 98 71
3 4 65
3 6 -27
3 7 -93
3 8 16
3 9 97
3 11 -86
3 12 99
3 13 40
3 14 76
3 15 -33
3 16 -16
3 17 -19
3 18 -98
3 19 13
3 20 -11
3 21 -98
3 22 -52
3 23 100
3 24 -98
3 26 89
3 27 77
3 28 56
3 29 46
3 30 12
3 31 -21
3 34 -82
3 35 -95
3 36 35
3 37 36
3 38 96
3 39 -89
3 40 57
3 41 89
3 43 2
3 45 85
3 46 -21
3 47 67
3 48 10
3 49 3
3 50 -25
3 51 -56
3 53 29
3 54 50
3 55 63
3 56 78
3 57 -79
3 58 -77
3 60 0
3 61 94
3 62 93
3 63 -17
3 64 4
3 65 43
3 66 -39
3 67 -76
3 68 25
3 70 -61
3 71 -94
3 72 -43
3 73 75
3 74 -16
3 75 45
3 76 -85
3 77 -75
3 79 -64
3 80 85
3 81 96
3 82 -73
3 83 30
3 84 63
3 85 -15
3 86 -44
3 87 -30
3 88 90
3 89 -47
3 90 89
3 91 -33
3 92 47
3 93 98
3 94 87
3 96 36
3 97 27
3 98 -93
3 99 21
4 5 -50
4 6 -88
4 7 53
4 8 -94
4 9 -41
4 10 18
4 11 88
4 12 35
4 13 69
4 14 -90
4 16 -54
4 17 76
4 18 -60
4 19 100
4 20 21
4 21 48
4 23 10
4 24 85
4 25 -37
4 26 -88
4 27 99
4 28 -25
4 29 -65
4 32 -69
4 33 -75
4 34 -74
4 35 -22
4 36 -13
4 37 32
4 38 87
4 39 20
4 40 93
4 41 56
4 42 -83
4 43 92
4 44 65
4 45 -81
4 46 48
4 47 -41
4 48 30
4 49 4
4 51 55
4 52 -70
4 53 -28
4 55 -24
4 58 -64
4 59 -66
4 60 97
4 61 31
4 62 52
4 63 6
4 65 -45
4 66 -70
4 67 26
4 68 -52
4 69 -88
4 70 -86
4 72 38
4 73 26
4 74 87
4 75 28
4 76 51
4 77 -59
4 78 22
4 79 29
4 80 -74
4 81 74
4 82 85
4 83 -8
4 84 -77
4 85 -99
4 86 61
4 87 -5
4 88 8
4 89 99
4 90 87
4 91 -26
4 93 51
4 94 61
4 95 27
4 96 -11
4 97 -42
4 98 92
4 99 95
5 6 -32
5 7 62
5 9 -55
5 10 -91
5 12 48
5 13 60
5 14 37
5 15 95
5 16 -35
5 17 13
5 18 -32
5 19 28
5 21 92
5 22 63
5 23 -93
5 24 -80
5 25 -32
5 26 15
5 27 62
5 28 -79
5 29 -1
5 30 33
5 31 5
5 32 8
5 33 65
5 34 18
5 35 96
5 36 -9
5 37 10
5 38 -66
5 39 -92
5 40 -83
5 41 -26
5 42 2
5 44 -96
5 45 -12
5 46 -62
5 47 6
5 48 33
5 49 -48
5 50 86
5 51 17
5 52 94
5 53 -49
5 54 -78
5 55 56
5 56 -88
5 57 -86
5 58 -34
5 59 -88
5 60 22
5 61 -17
5 62 -93
5 63 -67
5 64 -56
5 65 54
5 66 35
5 67 -7
5 68 45
5 69 -35
5 70 -47
5 71 32
5 72 93
5 73 -23
5 74 100
5 76 36
5 77 -56
5 78 11
5 79 -2
5 80 -34
5 81 50
5 82 -39
5 83 -3
5 84 -92
5 85 -23
5 86 52
5 87 -40
5 88 -22
5 89 -9
5 90 31
5 91 77
5 92 30
5 93 -99
5 94 96
5 95 -65
5 97 -97
5 98 24
5 99 -10
6 7 10
6 8 -51
6 10 98
6 11 -7
6 12 -80
6 13 -25
6 14 96
6 15 96
6 17 11
6 18 -18
6 19 -51
6 20 29
6 21 -58
6 22 19
6 23 63
6 24 -37
6 25 81
6 27 51
6 28 54
6 29 -86
6 30 -14
6 31 -5
6 32 -70
6 33 52
6 34 -73
6 35 -44
6 36 80
6 37 62
6 38 4
6 39 -29
6 40 -93
6 41 24
6 42 -41
6 43 -5
6 44 -10
6 45 -78
6 46 -13
6 47 -31
6 48 -94
6 49 63
6 50 -2
6 51 -42
6 52 3
6 53 -44
6 54 50
6 55 -2
6 56 -16
6 57 9
6 58 51
6 59 1
6 60 -55
6 61 79
6 62 -53
6 63 18
6 64 -44
6 65 76
6 66 76
6 67 -36
6 68 73
6 70 15
6 71 81
6 72 -62
6 73 19
6 74 35
6 75 -79
6 76 -89
6 77 65
6 78 -75
6 79 -41
6 80 64
6 82 -71
6 83 89
6 84 41
6 85 28
6 86 58
6 87 -5
6 88 -17
6 89 -24
6 90 -62
6 91 43
6 92 -76
6 93 -4
6 94 84
6 95 -94
6 96 -66
6 97 78
6 98 -84
6 99 92
7 8 88
7 9 -6
7 10 97
7 11 -88
7 12 -96
7 13 67
7 14 -59
7 15 -98
7 16 -89
7 17 20
7 18 79
7 19 -19
7 21 18
7 22 -56
7 23 99
7 24 -64
7 25 -71
7 27 -19
7 29 -79
7 30 15
7 31 -86
7 32 -56
7 33 -84
7 34 61
7 35 94
7 36 36
7 37 85
7 38 77
7 39 16
7 40 20
7 41 17
7 42 -67
7 43 20
7 44 99
7 45 95
7 46 -47
7 47 31
7 48 43
7 49 83
7 51 -65
7 52 66
7 53 70
7 54 -28
7 55 -80
7 56 -31
7 57 26
7 58 79
7 59 58
7 60 -71
7 62 -48
7 63 -26
7 64 -35
7 65 32
7 66 -14
7 67 -65
7 68 14
7 69 -10
7 70 30
7 72 -3
7 74 58
7 75 71
7 76 -62
7 77 66
7 78 -78
7 79 65
7 80 -86
7 81 15
7 82 53
7 85 75
7 86 -41
7 87 35
7 88 32
7 89 -46
7 90 39
7 91 -65
7 93 -22
7 94 -68
7 95 -64
7 96 51
7 98 -51
7 99 -99
8 9 -80
8 10 21
8 11 86
8 13 68
8 14 78
8 15 36
8 16 61
8 17 61
8 18 -16
8 19 70
8 20 -52
8 21 -96
8 22 22
8 23 -86
8 24 3
8 25 83
8 26 4
8 27 -70
8 28 29
8 29 -49
8 30 64
8 31 73
8 32 78
8 33 58
8 34 40
8 35 -50
8 36 -60
8 37 64
8 39 -65
8 40 -47
8 41 27
8 42 41
8 43 20
8 44 32
8 45 -30
8 46 36
8 47 81
8 48 67
8 49 -29
8 50 16
8 51 67
8 52 79
8 53 -56
8 54 92
8 55 -76
8 56 -74
8 57 11
8 59 83
8 60 -41
8 61 -98
8 63 53
8 64 -21
8 65 7
8 66 -95
8 67 97
8 68 -21
8 69 91
8 70 -33
8 71 -20
8 72 17
8 73 -20
8 74 -8
8 75 -93
8 76 59
8 77 58
8 78 82
8 79 60
8 80 46
8 81 -57
8 82 -8
8 84 -32
8 85 -69
8 86 -52
8 87 57
8 88 90
8 89 -34
8 90 81
8 91 -58
8 92 -59
8 93 48
8 94 -95
8 95 4
8 97 -84
8 98 -1
8 99 -54
9 11 59
9 12 -96
9 13 86
9 14 -5
9 15 -11
9 16 86
9 17 16
9 18 -64
9 19 -7
9 20 4
9 21 14
9 22 -38
9 23 73
9 24 -54
9 25 79
9 26 -65
9 27 41
9 28 -75
9 29 42
9 30 14
9 31 -56
9 32 -19
9 33 52
9 34 24
9 36 71
9 37 81
9 38 76
9 40 -88
9 41 59
9 42 66
9 43 -31
9 44 98
9 45 -69
9 46 -42
9 47 71
9 48 -21
9 49 -12
9 50 -65
9 51 64
9 53 78
9 54 -20
9 55 -23
9 56 68
9 57 73
9 58 86
9 60 75
9 61 -31
9 62 -39
9 63 24
9 65 -97
9 66 -7
9 67 -34
9 69 55
9 70 -28
9 71 25
9 72 -83
9 73 -41
9 74 28
9 75 -48
9 76 -2
9 77 -58
9 78 -14
9 79 13
9 80 -82
9 81 -71
9 82 40
9 83 -99
9 84 -26
9 85 -69
9 86 84
9 87 -8
9 88 -25
9 89 -77
9 90 19
9 91 -48
9 92 -94
9 93 53
9 94 -90
9 95 17
9 96 -37
9 97 -98
9 98 31
9 99 -21
10 11 78
10 12 50
10 13 -90
10 14 74
10 15 -80
10 17 81
10 18 -50
10 19 -56
10 20 59
10 21 -8
10 22 25
10 23 31
10 24 -30
10 26 -43
10 27 -39
10 28 19
10 29 81
10 30 -46
10 31 -19
10 32 46
10 33 70
10 34 9
10 35 -98
10 36 -44
10 37 55
10 38 -41
10 39 -57
10 40 12
10 41 -23
10 42 -16
10 43 48
10 44 -19
10 45 49
10 46 24
10 47 -91
10 49 83
10 50 23
10 51 -62
10 52 61
10 53 58
10 55 38
10 56 -34
10 57 26
10 58 -36
10 59 -90
10 60 36
10 61 91
10 62 28
10 63 -21
10 64 25
10 65 88
10 66 66
10 67 51
10 69 -12
10 70 -67
10 71 45
10 72 14
10 73 -68
10 74 -42
10 75 0
10 76 60
10 77 93
10 78 82
10 79 36
10 80 -88
10 81 -22
10 82 44
10 83 6
10 85 -28
10 86 22
10 87 93
10 88 3
10 89 -37
10 90 7
10 91 -25
10 92 -91
10 93 -78
10 94 62
10 95 59
10 98 -40
10 99 62
11 12 89
11 14 77
11 15 0
11 16 -28
11 17 -17
11 18 -49
11 19 -19
11 20 -15
11 21 79
11 23 96
11 24 -41
11 25 47
11 26 27
11 27 88
11 28 -67
11 29 -18
11 30 -50
11 31 85
11 32 40
11 33 71
11 34 -73
11 35 29
11 36 -5
11 37 18
11 38 86
11 39 -57
11 40 38
11 41 -17
11 43 26
11 44 89
11 45 -27
11 46 8
11 47 -10
11 48 94
11 49 67
11 50 25
11 51 -25
11 52 -93
11 53 56
11 54 -82
11 55 73
11 56 34
11 57 11
11 58 -29
11 59 69
11 60 37
11 61 -57
11 62 73
11 63 97
11 64 32
11 65 -39
11 66 74
11 67 39
11 69 100
11 70 -70
11 72 34
11 73 -29
11 75 85
11 76 46
11 77 18
11 80 4
11 81 83
11 82 -65
11 83 -6
11 84 64
11 85 34
11 86 38
11 87 -51
11 88 47
11 89 93
11 90 -10
11 91 -64
11 92 -7
11 93 52
11 94 5
11 95 91
11 96 89
11 97 84
11 98 -6
11 99 -35
12 13 5
12 14 64
12 15 -30
12 16 10
12 17 53
12 18 -38
12 19 -76
12 20 33
12 21 -78
12 22 81
12 23 73
12 25 -46
12 28 -21
12 29 -33
12 30 -14
12 31 -21
12 32 -27
12 33 -5
12 35 76
12 37 -80
12 38 -29
12 40 40
12 42 -21
12 43 40
12 44 97
12 45 -37
12 46 89
12 47 -90
12 48 -40
12 49 74
12 50 -28
12 51 -88
12 52 -87
12 53 4
12 54 -14
12 55 -61
12 56 71
12 57 58
12 58 -19
12 59 32
12 60 41
12 61 93
12 62 -91
12 63 48
12 65 -15
12 66 5
12 67 69
12 68 22
12 69 48
12 70 -83
12 71 82
12 72 -92
12 73 14
12 74 27
12 76 -80
12 77 -91
12 78 -7
12 79 -94
12 80 -9
12 81 -1
12 82 -22
12 83 -39
12 84 -23
12 85 -4
12 86 -100
12 87 -51
12 88 -51
12 89 -35
12 90 -99
12 91 77
12 92 11
12 94 90
12 95 -47
12 96 62
12 97 26
12 98 -51
12 99 -11
13 14 -54
13 15 -39
13 16 73
13 17 11
13 18 -85
13 19 57
13 20 79
13 21 50
13 22 25
13 23 -96
13 24 11
13 25 63
13 26 -84
13 27 -65
13 28 60
13 29 -76
13 30 48
13 31 29
13 32 -93
13 33 54
13 34 15
13 35 -58
13 36 62
13 37 -38
13 38 -90
13 39 -26
13 40 -27
13 41 33
13 42 -39
13 44 6
13 45 53
13 46 -46
13 47 -60
13 48 -71
13 49 63
13 50 60
13 51 -41
13 52 57
13 53 45
13 54 18
13 55 -81
13 56 -91
13 57 23
13 58 61
13 59 72
13 60 -68
13 61 26
13 62 -20
13 63 47
13 64 -43
13 65 78
13 66 12
13 67 -33
13 68 -98
13 69 53
13 70 34
13 71 -33
13 72 -41
13 73 24
13 74 -5
13 75 -60
13 77 -50
13 78 50
13 79 -76
13 80 16
13 82 79
13 83 19
13 86 -93
13 87 -44
13 88 -13
13 89 -38
13 90 88
13 91 -75
13 92 -50
13 93 -18
13 94 13
13 95 -87
13 96 68
13 97 36
13 98 9
13 99 93
14 15 -16
14 16 6
14 17 -38
14 18 58
14 20 6
14 21 27
14 22 -23
14 23 -30
14 24 -27
14 25 -19
14 27 16
14 28 -64
14 29 10
14 30 83
14 31 68
14 32 -43
14 33 -52
14 34 -42
14 35 86
14 36 -53
14 37 -57
14 38 -30
14 39 23
14 40 -41
14 41 -26
14 42 -28
14 43 94
14 44 -22
14 45 -11
14 46 -71
14 47 3
14 48 53
14 49 40
14 50 -46
14 52 81
14 53 39
14 54 -46
14 55 4
14 56 70
14 57 67
14 58 13
14 60 -47
14 61 -1
14 62 -92
14 64 51
14 65 100
14 66 95
14 67 -81
14 68 -81
14 69 51
14 70 -83
14 71 -17
14 72 75
14 73 58
14 74 -11
14 75 -56
14 76 -28
14 77 -34
14 78 63
14 79 0
14 80 -5
14 81 -42
14 82 48
14 83 78
14 84 -49
14 85 -46
14 86 36
14 87 -90
14 88 39
14 89 -3
14 90 19
14 91 -86
14 92 66
14 94 69
14 96 41
14 97 74
14 98 -68
14 99 -42
15 16 -12
15 17 61
15 18 48
15 20 49
15 21 39
15 22 79
15 23 -92
15 25 2
15 27 -33
15 28 -92
15 29 -56
15 30 74
15 31 -73
15 33 83
15 34 -97
15 35 -16
15 36 24
15 37 -28
15 38 30
15 40 -73
15 42 71
15 43 21
15 44 -30
15 45 -73
15 46 17
15 47 -8
15 48 -62
15 49 95
15 50 -45
15 51 79
15 52 -28
15 53 -10
15 54 -100
15 56 19
15 57 -27
15 58 -47
15 59 -46
15 60 -67
15 61 36
15 63 -12
15 64 -82
15 65 30
15 66 78
15 67 -47
15 68 28
15 69 -93
15 70 -8
15 71 -16
15 72 -63
15 73 -30
15 75 -82
15 76 -14
15 77 -24
15 78 -59
15 79 1
15 80 -3
15 81 0
15 82 99
15 84 -44
15 85 -81
15 88 58
15 89 -80
15 90 -55
15 91 -71
15 92 -86
15 93 84
15 94 -35
15 95 16
15 96 -6
15 97 -50
15 99 -99
16 17 -69
16 19 -27
16 20 -81
16 21 -85
16 22 -90
16 23 -46
16 24 44
16 25 -89
16 26 -71
16 28 32
16 29 97
16 30 41
16 31 -47
16 32 74
16 33 -59
16 34 35
16 35 7
16 36 15
16 38 39
16 39 39
16 40 -97
16 41 -41
16 44 91
16 45 -98
16 46 7
16 47 36
16 48 -94
16 49 73
16 50 83
16 51 -4
16 52 86
16 53 94
16 54 26
16 55 -41
16 56 -20
16 57 -68
16 59 -39
16 60 -89
16 61 77
16 62 62
16 63 -82
16 64 86
16 65 94
16 66 53
16 67 56
16 69 -93
16 70 95
16 71 -62
16 72 4
16 73 -27
16 74 26
16 75 22
16 76 98
16 77 -12
16 78 -76
16 79 -93
16 80 34
16 81 37
16 82 82
16 83 4
16 84 51
16 85 -43
16 86 -34
16 87 67
16 88 -17
16 89 81
16 91 -88
16 92 65
16 94 96
16 96 -4
16 97 65
16 98 56
16 99 79
17 19 -71
17 20 -12
17 21 8
17 22 50
17 23 48
17 24 37
17 26 82
17 27 -58
17 28 11
17 29 -23
17 30 -71
17 31 66
17 32 -100
17 33 -60
17 34 89
17 35 -60
17 36 -84
17 37 47
17 38 9
17 39 -22
17 40 -65
17 41 -10
17 42 97
17 43 40
17 44 80
17 45 -57
17 46 42
17 47 89
17 48 44
17 50 -71
17 51 98
17 52 91
17 53 51
17 54 -28
17 55 -1
17 56 72
17 57 94
17 58 86
17 60 -78
17 61 62
17 62 -74
17 63 25
17 64 -8
17 65 -24
17 66 56
17 67 -84
17 68 96
17 69 -31
17 70 67
17 71 -9
17 72 70
17 74 -91
17 75 -14
17 76 -67
17 77 46
17 78 -78
17 79 11
17 81 -61
17 82 50
17 83 21
17 84 10
17 85 -36
17 86 77
17 87 -35
17 88 -16
17 89 -17
17 90 91
17 91 11
17 92 -35
17 93 64
17 94 -50
17 95 75
17 96 46
17 97 -44
17 98 28
17 99 -87
18 19 5
18 20 -20
18 21 53
18 22 82
18 23 -91
18 24 -97
18 25 -45
18 26 -2
18 27 -67
18 28 -82
18 30 30
18 31 -14
18 32 94
18 33 87
18 34 42
18 36 -47
18 37 60
18 38 -75
18 40 -73
18 41 91
18 42 62
18 44 0
18 45 -51
18 46 97
18 47 -55
18 48 -60
18 49 -71
18 50 98
18 51 -44
18 52 65
18 53 -4
18 54 -41
18 55 -3
18 56 -59
18 57 -10
18 58 15
18 59 57
18 60 -44
18 62 83
18 64 -38
18 65 -22
18 66 63
18 67 46
18 68 -29
18 69 -46
18 71 -8
18 72 -30
18 73 83
18 74 -67
18 75 70
18 76 70
18 77 92
18 78 37
18 79 58
18 80 -75
18 81 94
18 82 73
18 83 -18
18 84 -44
18 85 -17
18 86 -7
18 87 -96
18 89 -49
18 90 39
18 92 -31
18 93 35
18 94 85
18 95 -82
18 96 -20
18 97 84
18 98 -84
18 99 -32
19 20 -69
19 21 22
19 22 -12
19 23 32
19 24 -25
19 25 -55
19 26 -13
19 27 -72
19 28 12
19 29 96
19 30 -94
19 31 -57
19 32 70
19 33 81
19 34 64
19 35 98
19 36 4
19 37 70
19 38 -91
19 39 -48
19 40 75
19 41 -90
19 42 -63
19 43 11
19 44 17
19 45 22
19 46 46
19 47 72
19 48 96
19 49 -93
19 50 -79
19 51 77
19 52 41
19 53 17
19 54 -7
19 55 -34
19 56 -67
19 57 76
19 58 -44
19 60 54
19 61 34
19 62 59
19 64 93
19 66 7
19 67 74
19 68 47
19 69 86
19 70 56
19 71 83
19 72 52
19 73 -60
19 74 -36
19 75 5
19 76 -38
19 77 82
19 78 38
19 81 99
19 82 -96
19 83 -90
19 84 -37
19 85 58
19 86 -11
19 87 68
19 88 -92
19 89 8
19 90 -24
19 91 32
19 92 -31
19 93 -87
19 94 -67
19 97 49
19 99 43
20 21 -58
20 22 52
20 23 42
20 24 28
20 25 81
20 26 94
20 27 -65
20 28 33
20 29 83
20 30 75
20 31 0
20 32 12
20 34 -68
20 35 35
20 36 -56
20 37 68
20 39 72
20 40 -42
20 41 89
20 43 -2
20 45 48
20 46 78
20 48 67
20 49 33
20 50 -16
20 51 55
20 52 -9
20 53 18
20 54 24
20 55 -22
20 58 36
20 60 -13
20 61 44
20 62 -1
20 63 -15
20 64 39
20 65 -81
20 66 6
20 67 -85
20 68 -87
20 69 -87
20 70 -62
20 71 -1
20 72 17
20 73 23
20 74 29
20 75 -28
20 76 -83
20 77 -61
20 78 -39
20 79 62
20 80 86
20 81 10
20 82 77
20 84 -61
20 85 12
20 86 21
20 87 -30
20 88 -50
20 89 -37
20 90 55
20 91 -57
20 92 45
20 93 95
20 96 54
20 97 56
20 98 -40
20 99 86
21 22 -20
21 23 -7
21 24 -90
21 25 81
21 26 -95
21 27 -16
21 28 8
21 29 -5
21 30 54
21 31 -5
21 32 -49
21 33 -60
21 34 31
21 35 73
21 36 -64
21 37 -23
21 38 71
21 39 -5
21 40 -59
21 41 -30
21 42 77
21 43 3
21 44 -53
21 45 13
21 46 44
21 47 -77
21 49 -2
21 50 -81
21 51 -37
21 52 100
21 53 -75
21 54 66
21 55 1
21 56 -72
21 57 -98
21 58 -10
21 61 87
21 62 79
21 64 -51
21 65 91
21 66 12
21 67 84
21 68 2
21 69 -74
21 70 -5
21 71 -58
21 72 88
21 73 -20
21 74 79
21 75 54
21 76 -70
21 77 -41
21 78 42
21 81 83
21 82 -12
21 83 64
21 84 55
21 86 -62
21 87 46
21 88 -31
21 90 33
21 91 -40
21 92 -89
21 93 26
21 94 80
21 95 -7
21 96 36
21 97 59
21 98 66
21 99 61
22 23 43
22 24 36
22 25 -25
22 26 -20
22 27 -40
22 28 -60
22 29 77
22 30 32
22 31 -48
22 34 93
22 35 -90
22 36 -39
22 37 95
22 38 51
22 39 -72
22 40 -51
22 41 -13
22 42 59
22 43 -35
22 44 -41
22 45 -91
22 46 -91
22 47 -43
22 48 10
22 49 -57
22 50 -34
22 51 94
22 52 79
22 53 65
22 54 -91
22 55 11
22 57 8
22 58 -1
22 59 -38
22 60 76
22 62 48
22 63 -29
22 64 83
22 66 -75
22 67 -75
22 68 -42
22 69 72
22 70 67
22 71 -35
22 72 23
22 74 -98
22 75 -91
22 76 93
22 78 -19
22 79 75
22 80 60
22 81 83
22 82 -56
22 83 -27
22 85 -18
22 87 -60
22 88 21
22 89 66
22 90 -89
22 91 -86
22 92 -48
22 94 -24
22 95 -10
22 96 36
22 97 -65
22 98 -19
22 99 47
23 24 53
23 25 81
23 26 -78
23 27 -4
23 28 43
23 29 -92
23 30 -1
23 31 -18
23 32 -53
23 33 -5
23 35 10
23 36 -56
23 37 -2
23 38 -74
23 39 -21
23 40 -7
23 41 86
23 42 -79
23 43 10
23 45 20
23 46 -46
23 47 24
23 48 65
23 50 9
23 51 30
23 53 -49
23 54 68
23 55 40
23 56 -83
23 57 -1
23 58 9
23 59 -40
23 60 10
23 61 94
23 63 -88
23 64 72
23 65 -74
23 66 -71
23 67 -100
23 69 7
23 70 21
23 71 -94
23 73 59
23 74 -22
23 75 -3
23 77 -62
23 78 -14
23 79 -48
23 80 59
23 81 -21
23 82 11
23 83 -86
23 85 90
23 86 -1
23 87 38
23 89 100
23 90 45
23 91 -30
23 92 -57
23 93 10
23 94 80
23 95 85
23 96 62
23 97 13
23 98 -97
23 99 -34
24 25 -47
24 26 11
24 27 74
24 28 88
24 29 88
24 30 13
24 31 -3
24 32 -81
24 33 48
24 34 26
24 35 50
24 36 -77
24 37 72
24 38 94
24 40 6
24 42 97
24 43 40
24 44 40
24 45 66
24 46 32
24 47 15
24 48 81
24 49 -74
24 50 80
24 51 -38
24 52 -10
24 53 -33
24 54 -49
24 55 46
24 56 -1
24 57 33
24 58 -72
24 59 27
24 60 70
24 61 -65
24 62 84
24 63 -88
24 64 92
24 65 6
24 66 2
24 67 60
24 68 41
24 69 89
24 70 -82
24 71 90
24 72 -53
24 73 98
24 74 11
24 75 95
24 76 58
24 77 -82
24 78 -36
24 79 -17
24 80 -84
24 81 39
24 82 91
24 83 20
24 84 82
24 86 60
24 87 81
24 88 50
24 89 -91
24 90 -62
24 91 41
24 92 -13
24 93 -21
24 94 49
24 95 -47
24 96 50
24 97 25
24 98 -8
24 99 55
25 26 -70
25 27 -74
25 28 99
25 29 -22
25 30 -1
25 31 -94
25 32 -48
25 33 71
25 34 29
25 35 -57
25 36 74
25 37 51
25 38 27
25 39 41
25 40 -30
25 42 84
25 43 -17
25 44 26
25 45 34
25 46 -64
25 47 -9
25 48 -93
25 49 79
25 50 -64
25 51 -15
25 52 -45
25 53 -80
25 54 33
25 55 -1
25 56 21
25 57 -34
25 58 57
25 59 -44
25 60 28
25 61 49
25 62 44
25 63 -10
25 64 -84
25 65 -2
25 66 75
25 67 41
25 68 -6
25 69 -42
25 72 -74
25 73 -49
25 74 -89
25 75 -51
25 76 -27
25 77 1
25 78 -77
25 80 92
25 82 75
25 83 -47
25 84 -58
25 85 -24
25 86 -40
25 87 -74
25 88 51
25 89 13
25 91 100
25 93 41
25 94 -51
25 95 -29
25 96 -100
25 97 56
25 98 96
25 99 89
26 28 -6
26 29 52
26 30 78
26 31 -89
26 32 52
26 33 -93
26 35 17
26 36 77
26 37 -14
26 38 -59
26 39 -72
26 40 14
26 41 -70
26 42 77
26 43 17
26 44 -89
26 45 -11
26 46 -46
26 47 -64
26 48 87
26 49 -84
26 50 35
26 51 47
26 52 81
26 53 -86
26 54 -1
26 55 -62
26 57 59
26 58 -2
26 59 17
26 60 -74
26 61 59
26 62 80
26 63 42
26 64 -46
26 65 3
26 66 18
26 67 -14
26 69 -60
26 70 32
26 71 -17
26 72 -47
26 73 -33
26 74 6
26 75 -95
26 76 83
26 78 -81
26 79 11
26 80 -34
26 81 71
26 82 23
26 84 -89
26 85 45
26 86 -63
26 87 70
26 88 3
26 89 -85
26 90 -45
26 91 -87
26 92 6
26 93 -83
26 94 3
26 95 71
26 96 74
26 97 -60
26 99 -83
27 28 58
27 30 76
27 31 3
27 32 28
27 33 -78
27 34 71
27 35 -86
27 36 83
27 37 76
27 38 -77
27 39 26
27 40 52
27 41 -80
27 42 -98
27 43 -39
27 44 -66
27 45 -56
27 46 66
27 47 8
27 48 2
27 50 -82
27 51 34
27 52 67
27 53 60
27 54 16
27 56 96
27 57 -33
27 58 56
27 59 65
27 60 -77
27 61 85
27 62 -46
27 63 -96
27 64 -11
27 66 -40
27 67 -33
27 68 84
27 69 87
27 70 56
27 71 -57
27 72 -61
27 73 60
27 74 40
27 75 84
27 76 -46
27 77 23
27 78 -19
27 79 -80
27 80 5
27 81 -75
27 82 31
27 83 -16
27 84 76
27 85 76
27 86 72
27 87 -35
27 88 24
27 89 -69
27 90 95
27 91 90
27 92 -30
27 93 -75
27 94 -86
27 95 36
27 96 -11
27 97 -79
27 98 -24
27 99 -12
28 29 42
28 31 -99
28 32 -89
28 33 60
28 35 -81
28 36 -79
28 37 42
28 38 6
28 39 5
28 40 41
28 41 -3
28 43 46
28 44 -48
28 45 75
28 46 17
28 47 8
28 48 -70
28 49 -12
28 50 -19
28 51 -97
28 52 -62
28 53 -89
28 54 71
28 55 36
28 56 -84
28 57 23
28 59 14
28 61 -89
28 63 77
28 64 16
28 65 10
28 66 -37
28 67 21
28 68 58
28 69 17
28 70 8
28 71 -14
28 73 42
28 75 99
28 76 14
28 77 59
28 78 -69
28 79 88
28 80 40
28 81 52
28 83 -62
28 84 -20
28 85 1
28 86 -26
28 88 -90
28 89 -28
28 90 81
28 91 98
28 92 -17
28 93 33
28 94 54
28 95 81
28 96 75
28 97 -100
28 99 16
29 30 47
29 31 -54
29 32 38
29 33 -87
29 34 -40
29 35 -56
29 36 49
29 37 42
29 38 -6
29 39 56
29 40 98
29 41 -22
29 43 9
29 44 45
29 45 -89
29 46 -90
29 47 97
29 48 64
29 49 -30
29 50 43
29 51 -47
29 52 21
29 53 97
29 54 70
29 55 -6
29 56 56
29 57 -84
29 58 -69
29 59 -24
29 60 -87
29 61 60
29 62 40
29 64 79
29 65 39
29 66 5
29 67 -84
29 68 51
29 69 12
29 70 31
29 71 -33
29 72 23
29 73 28
29 74 -29
29 75 86
29 76 -6
29 77 -37
29 78 -71
29 79 -3
29 80 86
29 81 63
29 82 0
29 83 100
29 84 -72
29 85 -52
29 86 -90
29 87 11
29 88 19
29 89 75
29 90 -8
29 91 -93
29 92 83
29 93 40
29 95 -49
29 96 92
29 97 -83
29 98 10
29 99 -72
30 31 -86
30 32 7
30 33 7
30 34 -99
30 35 59
30 36 -93
30 37 94
30 38 -3
30 39 80
30 40 81
30 41 15
30 42 -57
30 43 28
30 44 -18
30 45 87
30 46 -74
30 49 96
30 50 5
30 51 -95
30 52 77
30 53 79
30 54 -47
30 55 86
30 56 39
30 57 -54
30 58 61
30 60 62
30 61 22
30 62 41
30 63 -9
30 64 -33
30 65 25
30 66 -90
30 67 43
30 68 71
30 69 -57
30 70 -82
30 71 -79
30 72 -81
30 73 23
30 74 88
30 75 86
30 76 -16
30 77 -28
30 78 10
30 79 -12
30 80 -6
30 81 -32
30 82 -13
30 83 67
30 84 0
30 86 -20
30 87 65
30 88 -89
30 89 -33
30 90 90
30 93 -79
30 95 67
30 96 -55
30 98 65
30 99 -40
31 32 -39
31 33 -99
31 34 42
31 35 8
31 36 -45
31 37 69
31 38 -37
31 39 -76
31 40 87
31 41 -99
31 42 33
31 43 -88
31 44 -87
31 45 -53
31 46 -97
31 47 -65
31 48 95
31 49 61
31 50 46
31 51 27
31 52 90
31 53 -59
31 54 -82
31 55 -63
31 56 -89
31 57 10
31 59 8
31 60 -61
31 61 45
31 62 -22
31 63 48
31 64 -24
31 65 53
31 66 -56
31 67 31
31 68 -42
31 69 54
31 70 -1
31 71 -69
31 72 54
31 73 5
31 74 -3
31 76 81
31 77 22
31 78 27
31 79 -75
31 80 83
31 81 28
31 82 -78
31 83 88
31 84 11
31 85 9
31 86 41
31 87 91
31 88 8
31 89 -4
31 90 33
31 91 15
31 92 -52
31 93 91
31 94 -42
31 95 -71
31 98 -25
31 99 -4
32 33 16
32 34 89
32 35 -13
32 36 -44
32 37 72
32 38 95
32 39 -11
32 40 -77
32 41 100
32 42 75
32 43 51
32 44 -69
32 45 -83
32 46 22
32 47 55
32 48 77
32 49 -62
32 50 -55
32 52 45
32 53 55
32 55 29
32 56 -53
32 57 12
32 58 43
32 59 100
32 60 42
32 61 83
32 62 -62
32 63 93
32 64 -54
32 66 94
32 67 -64
32 68 7
32 69 17
32 70 -49
32 71 -38
32 72 -66
32 73 32
32 74 -81
32 75 -5
32 76 -17
32 78 21
32 79 2
32 80 -75
32 81 83
32 82 -78
32 83 66
32 84 -52
32 85 -24
32 86 13
32 87 -83
32 88 48
32 89 -88
32 90 -65
32 91 -11
32 92 1
32 93 7
32 95 38
32 97 45
32 98 -10
32 99 -14
33 34 82
33 35 -2
33 36 -13
33 37 -38
33 38 58
33 39 -67
33 41 68
33 42 18
33 43 -67
33 44 43
33 45 -99
33 46 41
33 47 94
33 49 -24
33 51 -87
33 52 27
33 53 79
33 54 -9
33 55 99
33 56 10
33 57 3
33 59 -59
33 61 52
33 62 -77
33 63 -53
33 64 66
33 65 -41
33 66 -82
33 67 -54
33 68 16
33 69 70
33 70 -77
33 71 67
33 72 30
33 74 -7
33 75 -61
33 76 34
33 77 69
33 78 -31
33 79 66
33 80 -23
33 82 -63
33 83 -63
33 84 80
33 86 96
33 88 -67
33 89 -29
33 91 32
33 92 -63
33 93 -91
33 94 42
33 95 7
33 96 63
33 97 -80
33 98 30
33 99 -79
34 35 84
34 36 -5
34 37 44
34 38 71
34 40 -79
34 41 64
34 42 -21
34 43 -2
34 44 -1
34 45 -47
34 46 -67
34 47 58
34 48 -73
34 49 -31
34 50 21
34 51 -73
34 52 45
34 53 33
34 54 -12
34 55 9
34 56 50
34 57 61
34 58 2
34 59 72
34 60 -69
34 61 100
34 62 80
34 63 90
34 64 55
34 65 82
34 66 -81
34 67 1
34 68 55
34 69 20
34 70 54
34 71 -77
34 72 -43
34 73 3
34 74 -46
34 75 -97
34 76 98
34 77 94
34 78 90
34 79 26
34 80 -37
34 81 -73
34 82 28
34 83 74
34 84 33
34 85 -2
34 86 -92
34 87 -24
34 88 66
34 89 -12
34 90 54
34 91 54
34 92 57
34 93 -52
34 94 -64
34 95 90
34 96 -26
34 98 20
34 99 -74
35 36 10
35 38 2
35 39 50
35 40 42
35 41 4
35 42 21
35 43 -24
35 44 -74
35 45 2
35 46 -85
35 48 -77
35 49 -22
35 52 -60
35 54 -84
35 55 93
35 57 -73
35 58 24
35 59 -6
35 60 -67
35 61 94
35 62 95
35 63 16
35 64 -16
35 65 -29
35 66 95
35 67 -80
35 68 100
35 69 58
35 70 -48
35 71 87
35 72 95
35 73 -5
35 74 -10
35 75 -19
35 76 65
35 77 8
35 79 58
35 80 94
35 81 -80
35 82 -81
35 83 82
35 84 -78
35 85 19
35 86 64
35 87 -74
35 88 -42
35 89 6
35 90 96
35 91 -11
35 92 -38
35 93 -71
35 94 13
35 95 -89
35 96 38
35 97 46
35 98 -2
35 99 -79
36 37 -8
36 38 56
36 39 -46
36 41 -44
36 42 5
36 43 69
36 44 83
36 45 -98
36 46 50
36 47 2
36 48 35
36 49 -12
36 50 98
36 51 98
36 52 -45
36 53 -19
36 54 -14
36 55 62
36 56 99
36 57 55
36 58 78
36 59 0
36 60 99
36 61 99
36 62 90
36 65 -33
36 66 -43
36 67 -42
36 68 25
36 69 -95
36 70 -84
36 71 -28
36 72 -56
36 73 -86
36 74 -23
36 75 -66
36 76 -63
36 77 98
36 78 -88
36 79 75
36 80 60
36 81 -58
36 82 8
36 83 -85
36 84 -17
36 85 -31
36 86 27
36 87 -68
36 88 -82
36 89 -30
36 90 46
36 91 48
36 92 -52
36 93 -82
36 95 -36
36 96 -93
36 98 -71
36 99 -9
37 38 -36
37 39 86
37 40 -63
37 41 62
37 42 71
37 43 34
37 44 46
37 45 -24
37 46 -22
37 47 72
37 49 -13
37 50 8
37 51 96
37 52 -81
37 53 5
37 54 -7
37 55 -62
37 56 45
37 57 70
37 58 16
37 59 60
37 60 42
37 61 -12
37 63 83
37 64 -46
37 66 -35
37 67 -40
37 69 27
37 70 55
37 71 60
37 72 68
37 73 72
37 74 13
37 75 0
37 76 2
37 77 67
37 78 95
37 79 61
37 80 -6
37 81 13
37 82 36
37 83 27
37 84 23
37 85 -98
37 86 44
37 87 46
37 88 -50
37 89 -49
37 90 0
37 91 -3
37 92 30
37 93 -74
37 94 38
37 95 79
37 96 15
37 97 10
37 98 -51
37 99 8
38 39 60
38 40 -15
38 41 -39
38 42 -37
38 43 29
38 45 -34
38 46 -99
38 47 52
38 48 95
38 49 -21
38 50 42
38 51 -56
38 52 73
38 53 -87
38 54 51
38 55 -31
38 57 -25
38 58 15
38 59 21
38 60 45
38 61 -34
38 62 -57
38 63 14
38 64 30
38 65 80
38 66 3
38 67 -73
38 68 32
38 69 27
38 70 2
38 71 12
38 72 56
38 73 -9
38 74 36
38 75 74
38 76 -58
38 78 34
38 79 -50
38 80 -68
38 81 -58
38 82 -25
38 83 84
38 84 -64
38 85 -74
38 86 3
38 87 98
38 88 -37
38 89 -36
38 90 94
38 91 31
38 92 -52
38 93 -21
38 94 10
38 95 35
38 96 100
38 97 41
38 98 -49
38 99 21
39 41 -88
39 42 17
39 43 0
39 44 46
39 45 -30
39 46 -16
39 47 94
39 48 60
39 49 88
39 50 -9
39 52 30
39 53 9
39 54 -15
39 55 22
39 57 -24
39 58 -77
39 59 -36
39 60 87
39 61 -23
39 62 -76
39 63 -75
39 64 -4
39 65 -56
39 66 11
39 67 -22
39 68 7
39 69 -56
39 70 -10
39 71 29
39 72 -66
39 74 -36
39 75 -29
39 76 61
39 78 56
39 80 -41
39 81 94
39 82 -55
39 83 59
39 84 -44
39 85 -84
39 86 -63
39 88 1
39 89 56
39 90 35
39 91 96
39 92 10
39 93 -96
39 94 -40
39 95 49
39 96 19
39 97 52
39 99 88
40 41 26
40 42 77
40 43 -15
40 46 -37
40 47 84
40 48 -33
40 49 -42
40 50 -48
40 52 -1
40 53 -75
40 54 -29
40 55 64
40 56 -63
40 57 -29
40 58 94
40 59 -81
40 60 96
40 61 0
40 64 -35
40 65 -67
40 66 97
40 68 17
40 69 14
40 70 -75
40 72 46
40 73 -18
40 74 -96
40 75 -86
40 76 -63
40 77 -99
40 78 61
40 79 -99
40 81 12
40 82 80
40 83 85
40 84 5
40 85 -55
40 86 -62
40 87 -19
40 88 -5
40 89 74
40 90 33
40 91 58
40 92 60
40 93 31
40 94 -22
40 95 85
40 97 84
40 98 -71
40 99 -18
41 42 -45
41 43 68
41 44 36
41 45 -45
41 46 70
41 47 5
41 48 48
41 50 96
41 52 87
41 53 -41
41 54 16
41 56 -72
41 57 33
41 58 -22
41 60 -34
41 61 -81
41 63 -47
41 64 -59
41 65 -37
41 66 -92
41 67 -45
41 68 74
41 69 -80
41 70 -82
41 71 -55
41 72 90
41 73 13
41 74 90
41 75 -34
41 76 -17
41 77 -74
41 78 -100
41 79 -71
41 80 3
41 81 90
41 82 56
41 83 6
41 84 26
41 85 80
41 86 -49
41 87 79
41 88 53
41 89 2
41 90 90
41 91 -18
41 92 -62
41 93 93
41 94 47
41 96 -57
41 97 100
41 98 -49
41 99 -51
42 44 -5
42 45 94
42 46 -66
42 48 -60
42 49 -33
42 50 -34
42 51 -29
42 52 58
42 53 95
42 54 -57
42 55 -80
42 56 5
42 57 -71
42 58 -8
42 59 80
42 60 30
42 61 85
42 62 -34
42 63 11
42 64 29
42 65 83
42 66 68
42 67 -38
42 68 44
42 70 38
42 72 -57
42 73 94
42 74 14
42 75 85
42 77 12
42 78 12
42 79 -44
42 80 73
42 81 47
42 82 52
42 83 62
42 85 47
42 86 9
42 87 -54
42 88 54
42 89 65
42 90 54
42 91 -18
42 93 -94
42 96 53
42 97 -59
42 98 68
42 99 77
43 44 25
43 45 -7
43 46 57
43 47 -91
43 48 5
43 49 -58
43 50 18
43 51 3
43 52 93
43 54 -77
43 55 -86
43 56 -26
43 57 77
43 58 -48
43 59 22
43 60 64
43 61 -77
43 62 25
43 63 23
43 64 -35
43 65 -16
43 67 24
43 69 -84
43 70 -83
43 71 -32
43 72 -15
43 73 33
43 74 43
43 75 -30
43 76 2
43 77 -19
43 78 0
43 79 -8
43 80 -28
43 83 85
43 84 40
43 86 -8
43 87 -78
43 88 -17
43 89 35
43 90 -76
43 91 -52
43 93 -92
43 94 52
43 95 23
43 96 53
43 97 -22
43 98 23
43 99 -86
44 45 -54
44 46 -83
44 47 73
44 48 7
44 49 7
44 50 96
44 51 -44
44 52 -1
44 53 -28
44 54 -82
44 55 -64
44 56 -47
44 57 54
44 58 2
44 59 -57
44 60 -99
44 61 -58
44 62 -81
44 64 -26
44 65 -23
44 66 58
44 67 -84
44 68 -75
44 69 -14
44 70 22
44 71 58
44 72 -19
44 73 -8
44 74 23
44 75 -16
44 76 -3
44 77 -29
44 78 100
44 79 90
44 80 26
44 81 94
44 82 -64
44 83 -15
44 84 -18
44 86 -63
44 88 -59
44 89 -7
44 90 20
44 91 -9
44 92 55
44 93 -83
44 94 72
44 95 -7
44 96 -7
44 97 -71
44 98 85
44 99 -69
45 46 -51
45 47 41
45 48 0
45 49 -82
45 50 66
45 51 -8
45 52 -35
45 53 -99
45 54 -3
45 55 65
45 56 88
45 57 -23
45 58 80
45 59 -85
45 60 -79
45 61 77
45 62 87
45 63 -90
45 64 97
45 65 79
45 66 37
45 67 -26
45 68 27
45 69 39
45 70 -98
45 71 98
45 72 42
45 74 -79
45 75 -57
45 76 -42
45 77 -67
45 78 -48
45 81 -86
45 82 -92
45 83 -96
45 84 23
45 85 13
45 86 62
45 87 56
45 88 59
45 89 28
45 90 98
45 91 5
45 92 96
45 93 -56
45 94 -83
45 95 35
45 98 -6
45 99 32
46 47 69
46 48 -95
46 49 -58
46 50 -82
46 51 -10
46 52 92
46 53 -71
46 54 65
46 55 -40
46 56 -87
46 58 -9
46 59 -39
46 60 75
46 61 88
46 62 -58
46 63 62
46 64 30
46 65 -13
46 66 95
46 67 -2
46 68 87
46 69 -35
46 70 -32
46 71 13
46 72 46
46 73 -6
46 74 52
46 75 -65
46 76 87
46 77 14
46 78 32
46 79 -80
46 80 57
46 81 34
46 82 -39
46 83 21
46 84 -93
46 85 81
46 86 33
46 87 -45
46 88 -19
46 89 -99
46 90 -57
46 92 22
46 93 12
46 94 -87
46 95 -56
46 97 -78
46 98 30
46 99 55
47 48 -80
47 51 -9
47 52 13
47 54 93
47 55 -51
47 56 -42
47 57 -70
47 58 58
47 59 61
47 60 34
47 61 31
47 62 -23
47 63 33
47 64 92
47 66 70
47 67 -62
47 68 95
47 69 11
47 70 -50
47 71 73
47 72 53
47 73 83
47 74 -36
47 75 63
47 76 -7
47 77 28
47 79 -9
47 80 39
47 81 -4
47 82 30
47 83 -40
47 84 77
47 85 -40
47 86 -35
47 87 77
47 88 92
47 89 -1
47 90 45
47 91 98
47 92 -16
47 93 61
47 94 -51
47 95 50
47 96 -33
47 97 87
47 98 68
47 99 -63
48 50 -72
48 52 -29
48 53 49
48 54 65
48 55 77
48 56 -21
48 58 28
48 59 -71
48 61 70
48 62 8
48 63 -19
48 64 25
48 65 38
48 66 -52
48 67 51
48 68 64
48 69 -10
48 71 74
48 72 28
48 73 34
48 74 -27
48 75 71
48 76 -35
48 77 13
48 78 94
48 80 -13
48 81 69
48 82 -63
48 83 -71
48 85 -62
48 86 36
48 87 96
48 88 -69
48 89 -100
48 90 88
48 91 -91
48 92 -91
48 93 -39
48 94 -81
48 95 -94
48 96 -6
48 98 29
48 99 87
49 50 18
49 51 54
49 54 85
49 55 -41
49 56 11
49 59 -44
49 60 -30
49 61 -51
49 62 -44
49 63 -4
49 64 -57
49 65 99
49 66 26
49 67 5
49 68 40
49 69 74
49 70 69
49 71 99
49 73 -60
49 74 27
49 75 -91
49 76 2
49 77 86
49 78 -41
49 79 -77
49 80 96
49 81 -5
49 82 -32
49 83 83
49 84 0
49 85 -29
49 86 34
49 87 5
49 88 46
49 89 -1
49 90 -37
49 91 -68
49 92 -43
49 93 10
49 94 -67
49 95 -90
49 96 20
49 97 0
49 98 72
50 51 64
50 52 -13
50 53 34
50 54 -1
50 56 89
50 57 -33
50 58 31
50 59 10
50 60 19
50 61 63
50 62 -39
50 63 -57
50 64 36
50 65 58
50 66 64
50 67 -17
50 68 -3
50 69 -44
50 70 57
50 71 -23
50 72 15
50 73 2
50 74 89
50 77 29
50 78 24
50 79 77
50 80 61
50 81 -96
50 82 -73
50 83 86
50 84 88
50 85 -43
50 86 -92
50 87 6
50 88 -63
50 89 -38
50 90 -40
50 91 -71
50 92 -30
50 93 95
50 94 34
50 95 46
50 96 -1
50 97 40
50 98 26
50 99 -73
51 52 54
51 53 -46
51 54 -78
51 55 6
51 56 41
51 57 -16
51 58 78
51 59 28
51 60 -34
51 61 94
51 62 -21
51 63 12
51 64 -66
51 65 -74
51 66 -44
51 67 -61
51 68 88
51 69 11
51 70 -85
51 71 -17
51 72 -61
51 73 62
51 74 33
51 75 -41
51 76 21
51 77 83
51 78 -95
51 79 57
51 80 31
51 81 -18
51 82 23
51 83 -49
51 84 -69
51 85 -85
51 86 -21
51 87 30
51 88 6
51 89 -81
51 90 100
51 91 63
51 92 30
51 93 -6
51 94 16
51 95 -95
51 96 -69
51 97 71
51 98 -92
51 99 -62
52 53 43
52 54 95
52 56 15
52 57 41
52 58 -100
52 60 -63
52 61 71
52 63 4
52 64 -67
52 65 -78
52 66 -33
52 67 92
52 69 24
52 70 24
52 72 85
52 73 -88
52 74 65
52 75 -88
52 76 82
52 77 51
52 79 81
52 80 29
52 81 5
52 83 17
52 84 46
52 85 -12
52 86 56
52 87 -90
52 88 -75
52 89 67
52 90 71
52 91 -64
52 92 -46
52 93 -98
52 94 -52
52 95 3
52 96 -84
52 97 -97
52 98 -18
52 99 -64
53 54 88
53 55 29
53 56 -79
53 57 -89
53 58 -16
53 59 -67
53 60 1
53 61 33
53 62 -9
53 63 81
53 65 -78
53 66 -77
53 68 -64
53 69 -77
53 71 11
53 72 -99
53 73 -24
53 74 72
53 75 -35
53 76 44
53 77 33
53 78 85
53 79 -11
53 80 -41
53 81 -75
53 82 -70
53 83 59
53 84 62
53 85 -74
53 86 44
53 88 -53
53 89 -53
53 90 73
53 92 47
53 93 -49
53 94 -18
53 95 2
53 96 -73
53 97 36
53 98 -16
53 99 42
54 55 53
54 57 100
54 58 1
54 59 -66
54 60 3
54 61 99
54 63 -29
54 64 -93
54 65 -98
54 66 80
54 67 -95
54 68 -75
54 69 27
54 70 -92
54 71 22
54 72 79
54 73 27
54 74 -89
54 75 85
54 76 -33
54 77 52
54 78 -35
54 79 -9
54 80 22
54 81 -26
54 82 -28
54 83 63
54 86 35
54 87 -100
54 88 -20
54 89 58
54 90 -60
54 91 85
54 92 -53
54 93 42
54 94 -63
54 95 -34
54 96 -17
54 97 68
54 98 -58
54 99 30
55 56 -34
55 57 48
55 59 99
55 60 66
55 62 -97
55 63 -15
55 64 93
55 65 -86
55 66 -7
55 67 13
55 68 83
55 69 -69
55 70 -97
55 71 5
55 72 63
55 73 72
55 74 -11
55 76 -66
55 77 80
55 79 46
55 80 -43
55 81 -2
55 82 51
55 83 -59
55 84 -99
55 85 -80
55 87 74
55 88 -59
55 89 -43
55 90 -24
55 91 -12
55 92 -6
55 93 88
55 94 23
55 95 -35
55 96 73
55 97 -29
55 98 16
55 99 57
56 57 3
56 58 -75
56 59 50
56 60 -100
56 61 35
56 62 -83
56 65 19
56 66 -68
56 67 61
56 68 -2
56 70 66
56 71 -98
56 72 15
56 74 85
56 75 -90
56 76 -95
56 77 47
56 78 97
56 79 -8
56 80 24
56 81 31
56 82 -16
56 83 3
56 84 90
56 85 -85
56 86 -46
56 87 -65
56 88 -21
56 89 -44
56 90 -57
56 91 62
56 92 27
56 93 -7
56 94 27
56 95 -35
56 96 85
56 97 -6
56 98 90
56 99 -76
57 58 -36
57 59 -19
57 60 -96
57 61 11
57 63 -12
57 64 -63
57 65 -31
57 66 -89
57 67 64
57 68 25
57 69 -60
57 70 -78
57 71 77
57 72 95
57 73 -35
57 74 -19
57 75 -9
57 76 -48
57 77 -56
57 79 7
57 81 53
57 82 -69
57 83 -89
57 84 60
57 85 -44
57 86 27
57 88 -34
57 89 -18
57 90 -29
57 91 -89
57 92 41
57 93 -6
57 94 12
57 95 -81
57 96 -50
57 97 21
57 98 97
57 99 -24
58 59 -88
58 60 -99
58 61 63
58 62 100
58 63 -28
58 64 62
58 65 31
58 66 -78
58 67 70
58 68 -86
58 69 -75
58 70 -43
58 71 -7
58 72 52
58 73 82
58 74 13
58 75 -25
58 76 73
58 77 82
58 78 100
58 79 -28
58 81 -63
58 82 18
58 83 84
58 84 -90
58 85 -92
58 86 23
58 87 32
58 88 -48
58 89 -55
58 90 89
58 91 -71
58 92 97
58 93 87
58 94 33
58 95 -66
58 96 55
58 97 61
58 98 44
58 99 -61
59 60 100
59 61 -78
59 62 -60
59 63 -28
59 65 60
59 66 -2
59 67 100
59 68 -59
59 69 94
59 70 -79
59 71 -39
59 72 16
59 75 58
59 76 -40
59 79 35
59 80 -17
59 81 -36
59 83 -67
59 84 61
59 85 -30
59 86 50
59 87 24
59 88 -75
59 89 -83
59 90 6
59 91 19
59 92 -49
59 93 -28
59 94 -2
59 96 -22
59 97 95
59 98 50
59 99 -2
60 61 -14
60 62 12
60 63 80
60 64 -21
60 65 36
60 66 76
60 67 58
60 69 -60
60 71 -21
60 73 23
60 75 -89
60 76 81
60 77 -21
60 78 60
60 79 92
60 80 -1
60 81 -98
60 82 18
60 83 -98
60 84 38
60 85 3
60 86 -54
60 87 -45
60 88 -63
60 89 -82
60 90 -90
60 92 49
60 93 73
60 94 74
60 95 -78
60 96 20
60 97 15
60 98 23
60 99 -13
61 62 -42
61 63 -29
61 64 -54
61 65 78
61 66 -63
61 67 -83
61 68 31
61 70 32
61 72 63
61 73 -65
61 74 -10
61 75 -7
61 76 73
61 78 -29
61 79 77
61 80 50
61 81 -10
61 82 -89
61 83 50
61 86 60
61 87 -62
61 88 80
61 89 -8
61 91 -66
61 93 96
61 94 -24
61 95 -25
61 96 -70
61 97 -2
61 98 -44
61 99 -54
62 63 -96
62 65 -31
62 67 23
62 68 -34
62 69 -42
62 70 52
62 71 -71
62 72 0
62 74 0
62 75 -99
62 76 100
62 77 50
62 78 31
62 80 -81
62 81 67
62 82 -43
62 83 49
62 84 -22
62 85 -17
62 86 23
62 87 5
62 88 -4
62 89 -91
62 90 -31
62 91 19
62 92 15
62 93 -76
62 94 10
62 95 16
62 96 32
62 98 6
62 99 -77
63 64 -59
63 65 12
63 66 16
63 67 79
63 68 53
63 69 -44
63 70 82
63 71 -55
63 73 -52
63 74 48
63 75 -57
63 76 -100
63 77 -96
63 79 51
63 80 -75
63 81 -63
63 82 -30
63 83 90
63 84 -6
63 85 49
63 86 -92
63 87 63
63 88 47
63 89 -99
63 90 22
63 91 -54
63 92 49
63 93 55
63 95 -20
63 96 1
63 97 42
63 98 43
64 65 72
64 66 -34
64 67 -93
64 69 -53
64 71 -5
64 73 -79
64 74 -68
64 75 -86
64 76 73
64 77 -51
64 78 -58
64 79 49
64 80 -38
64 81 49
64 82 -95
64 83 -43
64 84 -81
64 85 -86
64 86 45
64 87 43
64 88 -45
64 90 -15
64 91 29
64 92 -88
64 93 -17
64 94 36
64 95 83
64 96 44
64 97 -48
64 98 52
65 66 -94
65 67 -99
65 68 -82
65 69 83
65 70 -55
65 71 -90
65 72 -56
65 73 86
65 74 -44
65 76 48
65 77 53
65 78 -27
65 79 -49
65 80 -2
65 82 -45
65 83 27
65 84 59
65 85 -40
65 86 6
65 87 99
65 88 14
65 89 -99
65 90 1
65 91 45
65 92 -31
65 93 -32
65 95 -74
65 97 94
65 98 -23
65 99 -74
66 67 -9
66 68 -55
66 69 -7
66 70 -45
66 71 -24
66 72 -70
66 73 -1
66 74 -71
66 75 -12
66 76 88
66 77 29
66 78 51
66 80 23
66 81 31
66 82 -48
66 83 -17
66 85 -93
66 86 48
66 87 52
66 90 -25
66 91 21
66 92 -20
66 94 -68
66 95 -83
66 96 52
66 98 -8
66 99 -55
67 68 19
67 69 91
67 70 97
67 71 68
67 72 -19
67 75 -86
67 76 -3
67 77 32
67 78 -55
67 79 -62
67 80 -34
67 81 93
67 82 7
67 83 -75
67 84 54
67 85 -1
67 86 29
67 87 65
67 89 32
67 90 37
67 91 11
67 92 33
67 93 -25
67 94 67
67 95 -11
67 96 -89
67 97 -76
67 98 95
67 99 83
68 69 66
68 70 -37
68 71 -64
68 72 -42
68 73 2
68 74 -55
68 75 -15
68 76 -29
68 77 -11
68 78 71
68 79 -66
68 80 -11
68 81 57
68 82 55
68 83 -7
68 84 95
68 85 -39
68 86 20
68 88 -54
68 89 -88
68 90 28
68 91 -19
68 92 -31
68 93 -50
68 94 -22
68 95 -63
68 96 76
68 97 62
68 98 -60
68 99 -76
69 70 -8
69 71 -83
69 72 -10
69 73 -41
69 74 -53
69 75 45
69 76 -36
69 78 92
69 79 -62
69 81 -20
69 82 27
69 84 79
69 85 -93
69 86 52
69 87 11
69 88 -37
69 89 89
69 92 -91
69 93 38
69 94 -33
69 95 -70
69 96 -20
69 98 -99
69 99 -96
70 71 8
70 72 47
70 73 -7
70 74 16
70 75 -3
70 76 -45
70 77 100
70 78 40
70 79 58
70 80 -88
70 81 -26
70 82 -79
70 83 -10
70 84 13
70 85 1
70 87 -92
70 89 96
70 90 77
70 92 -98
70 93 -82
70 94 46
70 95 60
70 96 60
70 97 -8
70 99 89
71 72 6
71 73 -10
71 75 -22
71 76 -98
71 77 93
71 80 51
71 81 -98
71 82 -29
71 84 -85
71 85 -97
71 86 8
71 87 -71
71 88 -24
71 90 -58
71 91 -82
71 92 -88
71 93 -9
71 94 -39
71 95 68
71 96 2
71 97 -14
71 98 -48
71 99 -23
72 74 -19
72 75 -35
72 76 76
72 78 72
72 79 -11
72 80 -66
72 81 56
72 82 -78
72 83 -55
72 84 61
72 85 57
72 86 99
72 87 -83
72 88 -82
72 89 15
72 91 48
72 92 27
72 93 -90
72 95 5
72 96 -79
72 97 -92
72 99 -77
73 74 9
73 75 -42
73 76 -23
73 77 -69
73 78 72
73 79 41
73 80 13
73 82 68
73 83 26
73 84 70
73 85 -16
73 86 94
73 87 78
73 88 -6
73 89 -38
73 90 -23
73 91 -39
73 92 -61
73 93 -96
73 94 -95
73 95 80
73 96 -4
73 97 93
73 98 54
73 99 -77
74 75 2
74 77 -38
74 78 -37
74 79 -71
74 80 85
74 81 -25
74 82 10
74 83 -54
74 84 -99
74 85 -97
74 86 -70
74 87 -86
74 88 76
74 89 -6
74 90 -30
74 92 -62
74 93 -97
74 94 95
74 96 100
74 97 -96
74 98 92
74 99 -89
75 77 -63
75 78 91
75 79 -96
75 80 -31
75 82 -69
75 83 94
75 85 -99
75 88 -37
75 89 40
75 90 30
75 91 -1
75 92 -90
75 93 -57
75 94 -78
75 95 22
75 96 44
75 97 60
75 99 -95
76 77 87
76 78 -42
76 79 36
76 80 54
76 81 15
76 82 89
76 83 -8
76 84 -19
76 85 -22
76 86 36
76 87 -35
76 88 -54
76 89 28
76 90 40
76 92 -12
76 93 91
76 94 -43
76 95 92
76 96 -27
76 97 -96
76 98 17
76 99 -79
77 78 -57
77 79 66
77 80 55
77 81 -86
77 82 86
77 83 -35
77 84 1
77 85 -63
77 86 37
77 87 91
77 88 -59
77 90 -65
77 91 -11
77 92 60
77 93 -37
77 94 -24
77 95 -80
77 96 35
77 97 -41
77 98 69
77 99 -70
78 79 62
78 80 81
78 81 12
78 82 -49
78 83 29
78 84 -60
78 85 54
78 87 -18
78 88 88
78 90 44
78 93 24
78 94 -18
78 95 -46
78 96 -44
78 97 97
78 98 100
78 99 -93
79 80 16
79 81 12
79 82 28
79 85 -52
79 86 -78
79 87 23
79 88 87
79 90 78
79 91 86
79 92 -68
79 93 -60
79 94 -33
79 95 -87
79 97 81
79 99 32
80 82 37
80 83 -87
80 84 23
80 85 -58
80 86 67
80 87 -100
80 88 -92
80 90 82
80 91 32
80 92 -82
80 93 -38
80 94 0
80 95 -30
80 96 -35
80 97 -89
80 98 74
81 82 -26
81 83 67
81 84 31
81 85 12
81 86 -43
81 87 58
81 88 -66
81 89 -23
81 90 -51
81 91 0
81 92 67
81 93 -76
81 94 89
81 95 43
81 97 -31
81 98 4
81 99 18
82 83 68
82 84 -70
82 85 -94
82 86 91
82 87 12
82 88 -52
82 89 -34
82 91 -25
82 94 67
82 95 -6
82 96 -58
82 97 53
82 98 23
82 99 67
83 84 62
83 85 12
83 86 -44
83 87 11
83 88 -64
83 89 -35
83 90 -8
83 91 -19
83 92 -99
83 93 52
83 95 -78
83 96 -82
83 97 -91
83 98 0
83 99 -32
84 85 -30
84 86 -39
84 88 -39
84 89 9
84 90 -9
84 91 6
84 92 -1
84 93 79
84 94 16
84 96 -74
84 97 -40
84 98 45
85 86 85
85 87 -61
85 88 78
85 89 14
85 90 70
85 91 -78
85 92 -29
85 93 12
85 94 -34
85 95 -100
85 96 71
85 97 27
85 98 -38
85 99 34
86 87 -93
86 88 -42
86 89 3
86 90 -70
86 91 38
86 92 9
86 93 -79
86 94 100
86 95 -46
86 96 10
86 97 69
86 99 -53
87 88 -68
87 89 -91
87 90 8
87 92 -17
87 93 -13
87 94 83
87 95 12
87 96 80
87 97 -78
87 99 98
88 90 -93
88 91 -41
88 92 -2
88 93 17
88 94 -88
88 95 19
88 96 -25
88 97 -7
88 98 -97
88 99 -69
89 90 76
89 93 67
89 94 2
89 95 45
89 96 -32
89 97 7
89 98 61
89 99 -98
90 91 50
90 92 55
90 93 -27
90 94 68
90 95 -78
90 96 -4
90 97 16
90 98 -66
90 99 -38
91 92 82
91 93 -18
91 94 -21
91 95 82
91 96 -52
91 97 -93
91 98 47
92 93 -1
92 94 82
92 95 48
92 96 -67
92 97 85
92 98 -70
92 99 -29
93 94 -24
93 95 -76
93 96 86
93 97 40
93 98 40
93 99 -43
94 95 -89
94 96 24
94 97 -58
94 99 -3
95 96 -68
95 97 -10
95 98 -45
96 97 74
96 98 -93
96 99 77
97 98 80
97 99 10
98 99 99
