0 1 -35
0 2 10
0 3 23
0 4 96
0 6 29
0 7 -63
0 11 -11
0 13 93
0 15 -1
0 16 -80
0 17 -50
0 18 -48
0 20 -45
0 21 -88
0 22 -57
0 23 -19
0 24 -51
0 26 73
0 28 -20
0 30 18
0 32 98
0 33 71
0 34 -34
0 35 -45
0 36 0
0 37 54
0 39 -90
0 40 87
0 41 -63
0 42 26
0 43 62
0 44 59
0 45 -69
0 46 -35
0 47 -8
0 48 38
0 49 87
0 51 -24
0 56 65
0 58 -72
0 59 36
0 62 -72
0 65 -70
0 66 -5
0 68 11
0 69 94
0 72 74
0 73 4
0 74 -76
0 75 22
0 76 -29
0 78 7
0 79 25
0 80 -19
0 81 -70
0 82 43
0 83 -13
0 85 -67
0 86 -8
0 87 17
0 89 -76
0 90 -16
0 91 96
0 92 -55
0 94 -90
0 95 75
0 96 70
0 98 94
0 99 -28
1 2 -37
1 3 -74
1 4 40
1 7 -67
1 8 -35
1 9 31
1 10 -73
1 11 -71
1 12 82
1 13 -44
1 14 99
1 15 95
1 16 -34
1 17 -86
1 18 100
1 19 38
1 21 -68
1 22 -24
1 23 68
1 24 -5
1 26 25
1 27 16
1 28 14
1 31 -95
1 32 -17
1 35 68
1 36 -43
1 38 33
1 40 38
1 41 88
1 44 50
1 45 17
1 46 -18
1 47 -6
1 48 -4
1 49 -46
1 52 29
1 53 42
1 60 85
1 62 -14
1 63 26
1 64 -14
1 65 42
1 66 21
1 67 -22
1 68 83
1 70 86
1 71 100
1 72 92
1 73 41
1 75 -49
1 76 5
1 77 -26
1 80 39
1 81 -27
1 82 -11
1 84 10
1 85 -70
1 86 -83
1 87 39
1 88 -29
1 90 22
1 91 3
1 92 34
1 93 40
1 97 19
1 99 57
2 3 -9
2 4 -20
2 5 -91
2 8 -70
2 9 30
2 10 -1
2 11 13
2 12 -19
2 13 -84
2 14 68
2 15 100
2 16 94
2 18 -91
2 19 20
2 20 -100
2 22 -75
2 23 38
2 24 2
2 25 36
2 26 94
2 27 68
2 29 -58
2 30 8
2 32 -32
2 33 90
2 35 -30
2 36 95
2 37 -94
2 38 -47
2 39 70
2 41 50
2 43 -59
2 44 3
2 45 -76
2 48 -42
2 49 53
2 50 -39
2 51 -75
2 53 -58
2 54 -42
2 55 20
2 56 -1
2 59 -6
2 60 -21
2 62 -16
2 63 -42
2 66 93
2 67 -48
2 70 91
2 71 82
2 72 43
2 73 34
2 75 -86
2 76 16
2 77 -68
2 78 31
2 79 -2
2 80 -70
2 82 33
2 83 93
2 84 100
2 86 -91
2 87 94
2 88 30
2 89 -88
2 91 28
2 93 -14
2 94 -71
2 95 -97
2 98 -91
2 99 24
3 4 98
3 5 38
3 6 -35
3 7 39
3 10 84
3 11 21
3 15 -86
3 16 41
3 19 -94
3 20 -87
3 21 -59
3 22 -39
3 24 -62
3 25 -69
3 26 98
3 27 -94
3 29 36
3 30 -46
3 32 37
3 33 -51
3 35 -20
3 36 -52
3 37 21
3 38 -31
3 39 10
3 40 -4
3 42 80
3 43 -64
3 45 -71
3 46 2
3 48 95
3 49 27
3 50 78
3 51 87
3 54 53
3 55 89
3 56 28
3 57 68
3 58 17
3 61 34
3 63 -45
3 65 -22
3 69 -4
3 70 88
3 71 28
3 72 -16
3 74 59
3 75 -98
3 76 -81
3 77 25
3 78 -13
3 79 -97
3 82 22
3 85 -77
3 86 -71
3 88 -20
3 91 -14
3 92 13
3 96 -79
3 97 98
4 5 -17
4 6 -55
4 7 -85
4 8 10
4 10 -3
4 12 31
4 14 61
4 16 95
4 17 63
4 18 -69
4 19 -30
4 21 -59
4 22 -87
4 23 -31
4 25 -78
4 26 -68
4 27 -68
4 28 80
4 30 -87
4 31 86
4 33 2
4 34 5
4 36 35
4 38 -3
4 39 -84
4 40 -95
4 42 -52
4 43 -95
4 44 -2
4 46 100
4 47 68
4 48 -35
4 52 7
4 53 91
4 54 -19
4 56 41
4 57 -2
4 58 -41
4 59 57
4 60 82
4 63 -92
4 64 -97
4 65 -99
4 66 94
4 70 27
4 71 -94
4 72 8
4 73 -81
4 75 -32
4 76 37
4 77 -4
4 79 93
4 80 -20
4 81 -61
4 83 100
4 84 -11
4 85 59
4 87 -53
4 88 68
4 91 -27
4 94 -62
4 96 30
4 97 -42
4 99 -81
5 6 -3
5 8 -15
5 10 -16
5 11 20
5 12 -49
5 13 54
5 15 -65
5 16 12
5 17 -65
5 18 -51
5 19 -45
5 20 -5
5 21 -64
5 24 -20
5 25 73
5 26 84
5 27 97
5 28 -64
5 29 62
5 30 80
5 31 97
5 32 11
5 35 51
5 36 70
5 37 -4
5 38 -48
5 39 65
5 41 27
5 42 -82
5 44 -86
5 46 12
5 48 -65
5 49 96
5 50 71
5 51 -26
5 58 35
5 59 -95
5 60 -44
5 62 -64
5 63 -3
5 64 -77
5 66 -46
5 68 -89
5 70 51
5 71 -92
5 72 -77
5 73 -85
5 74 -21
5 76 9
5 78 61
5 79 38
5 81 75
5 82 69
5 83 -49
5 84 35
5 85 98
5 87 -38
5 88 -9
5 89 -60
5 90 19
5 91 37
5 92 -48
5 93 81
5 94 -5
5 95 0
5 96 -97
5 98 29
6 9 61
6 10 82
6 11 32
6 12 10
6 13 99
6 15 -97
6 16 35
6 17 -42
6 18 23
6 19 -70
6 21 -21
6 22 -87
6 24 9
6 25 -54
6 26 56
6 28 -40
6 30 -73
6 32 -91
6 35 -82
6 38 -47
6 39 9
6 40 -23
6 41 6
6 42 86
6 43 -28
6 45 4
6 47 -50
6 49 99
6 52 -91
6 53 27
6 54 48
6 57 -40
6 58 12
6 60 31
6 62 48
6 64 34
6 65 83
6 66 -85
6 69 -75
6 70 23
6 71 16
6 73 31
6 75 -28
6 77 63
6 79 -22
6 80 25
6 81 25
6 82 -12
6 84 86
6 85 35
6 86 -15
6 90 17
6 91 -84
6 92 -14
6 94 60
6 95 -28
6 96 -99
6 99 98
7 9 -85
7 11 -6
7 12 78
7 13 -36
7 14 -24
7 17 -62
7 18 -56
7 19 80
7 20 66
7 22 15
7 23 44
7 26 25
7 27 42
7 28 -20
7 31 -61
7 32 30
7 33 10
7 34 77
7 36 16
7 37 -95
7 38 90
7 41 55
7 42 -95
7 43 30
7 44 -40
7 48 91
7 49 47
7 51 -44
7 53 85
7 54 -62
7 55 6
7 56 9
7 58 -5
7 59 85
7 60 -40
7 61 53
7 62 79
7 63 84
7 64 -13
7 65 72
7 66 -59
7 68 4
7 70 32
7 71 52
7 72 -47
7 73 73
7 74 61
7 75 -10
7 77 47
7 78 17
7 80 -63
7 81 46
7 82 -89
7 83 26
7 84 -7
7 85 -77
7 86 -5
7 88 89
7 90 -84
7 93 83
7 95 78
7 96 -74
7 98 -96
7 99 40
8 9 58
8 10 -48
8 12 -97
8 13 88
8 14 -45
8 15 43
8 16 96
8 17 28
8 18 -5
8 21 -12
8 23 -41
8 24 37
8 25 88
8 26 32
8 27 24
8 28 -17
8 29 6
8 30 72
8 32 -73
8 33 33
8 34 47
8 36 30
8 38 -87
8 39 -63
8 43 97
8 44 94
8 46 -4
8 47 -74
8 48 -41
8 51 -100
8 56 -51
8 57 54
8 58 -76
8 59 -53
8 60 -97
8 61 53
8 63 -6
8 64 37
8 66 58
8 67 6
8 68 2
8 69 0
8 71 54
8 73 -51
8 74 -96
8 75 69
8 76 8
8 77 93
8 78 33
8 80 12
8 81 90
8 83 -98
8 84 37
8 86 -70
8 87 88
8 89 17
8 90 91
8 94 -18
8 96 -83
8 97 -76
8 98 39
8 99 -87
9 10 48
9 11 83
9 12 -94
9 13 63
9 15 98
9 18 77
9 19 -27
9 20 -71
9 21 31
9 22 8
9 24 -37
9 25 -7
9 26 83
9 27 97
9 29 -77
9 30 15
9 32 88
9 33 -28
9 35 96
9 37 15
9 38 66
9 40 -79
9 41 91
9 44 -52
9 45 6
9 46 82
9 48 52
9 49 -78
9 50 28
9 51 36
9 54 -8
9 55 51
9 56 38
9 57 62
9 59 75
9 60 80
9 61 -67
9 62 -26
9 63 -100
9 64 29
9 65 66
9 66 -59
9 67 14
9 68 -19
9 69 42
9 70 83
9 71 64
9 72 -22
9 73 87
9 74 -1
9 75 33
9 76 31
9 77 32
9 80 78
9 81 99
9 83 44
9 85 -93
9 87 -58
9 88 54
9 89 -74
9 90 -50
9 91 73
9 92 -92
9 93 -1
9 95 4
9 96 -20
9 97 -19
9 99 -93
10 11 83
10 12 78
10 13 8
10 17 87
10 18 75
10 19 22
10 20 -33
10 22 31
10 23 24
10 24 -66
10 25 48
10 26 16
10 27 -18
10 31 24
10 32 42
10 33 -15
10 35 87
10 37 93
10 38 66
10 39 -19
10 40 -54
10 41 76
10 42 92
10 43 53
10 46 12
10 47 5
10 48 -99
10 50 -47
10 52 50
10 53 56
10 55 -20
10 56 66
10 58 14
10 59 2
10 61 46
10 64 4
10 65 -68
10 66 85
10 67 39
10 69 42
10 72 -29
10 73 -91
10 74 49
10 75 97
10 76 34
10 78 -33
10 81 55
10 84 58
10 85 -63
10 86 -31
10 87 -78
10 89 89
10 90 -7
10 94 -59
10 96 25
10 98 -53
10 99 -39
11 13 36
11 14 32
11 15 -35
11 16 -45
11 17 -50
11 20 -61
11 21 -81
11 23 -89
11 24 -8
11 25 51
11 29 -67
11 30 -74
11 31 29
11 32 -31
11 34 -74
11 35 14
11 37 -13
11 39 21
11 40 39
11 44 -68
11 45 70
11 47 -76
11 48 -90
11 50 -41
11 52 51
11 53 73
11 54 75
11 55 -18
11 56 16
11 57 93
11 58 -31
11 59 78
11 63 19
11 65 30
11 66 -38
11 68 -98
11 71 -59
11 72 -94
11 73 -48
11 74 8
11 75 -13
11 76 45
11 77 -56
11 81 -68
11 82 -11
11 86 -54
11 87 -70
11 89 -84
11 90 87
11 91 2
11 92 52
11 94 73
11 95 26
11 96 19
11 97 79
11 98 -51
11 99 -73
12 13 -16
12 14 -42
12 17 -53
12 18 -5
12 20 84
12 21 -89
12 23 -45
12 24 8
12 25 46
12 26 -34
12 27 52
12 29 -31
12 30 47
12 31 -66
12 32 42
12 34 45
12 35 75
12 36 -89
12 37 61
12 38 55
12 41 -44
12 47 25
12 48 -85
12 51 -12
12 52 92
12 53 -57
12 54 84
12 55 7
12 57 -8
12 58 17
12 60 -45
12 61 70
12 63 55
12 64 -14
12 67 88
12 69 -32
12 71 -13
12 72 5
12 73 -5
12 75 -55
12 77 -31
12 78 -27
12 79 -36
12 80 24
12 82 -6
12 86 -87
12 87 -27
12 88 -34
12 89 -83
12 90 80
12 91 86
12 92 78
12 94 90
12 95 96
12 96 74
12 99 -67
13 15 66
13 18 -24
13 19 90
13 20 -6
13 21 27
13 24 18
13 25 -71
13 26 1
13 27 -80
13 28 7
13 29 53
13 30 7
13 31 77
13 32 -7
13 33 43
13 34 -50
13 35 6
13 37 -62
13 40 -38
13 45 9
13 52 -78
13 53 -1
13 54 -19
13 57 -93
13 58 -45
13 59 -91
13 60 8
13 62 27
13 64 63
13 65 50
13 66 -58
13 67 -87
13 68 80
13 69 -21
13 70 47
13 72 58
13 73 94
13 74 -94
13 75 51
13 76 66
13 77 1
13 79 96
13 80 74
13 81 2
13 82 39
13 83 -92
13 84 50
13 85 -37
13 86 36
13 87 -57
13 89 99
13 90 -89
13 93 -54
13 94 -97
13 96 -64
13 98 -28
13 99 71
14 15 -82
14 16 81
14 17 86
14 19 -54
14 20 32
14 22 -6
14 23 41
14 24 -24
14 25 74
14 26 -55
14 27 -39
14 30 34
14 33 -59
14 34 -84
14 36 10
14 37 38
14 38 -18
14 39 82
14 40 -96
14 41 -52
14 42 -34
14 45 15
14 46 -54
14 47 54
14 48 32
14 49 21
14 50 -87
14 51 -80
14 52 -15
14 53 29
14 54 94
14 56 -17
14 57 72
14 58 5
14 59 -84
14 60 76
14 61 41
14 62 -51
14 64 -19
14 65 36
14 66 34
14 69 -65
14 71 -11
14 74 69
14 75 -83
14 78 -88
14 79 12
14 80 87
14 81 71
14 82 -53
14 83 -50
14 84 -86
14 86 -49
14 88 44
14 90 -68
14 91 84
14 92 -89
14 93 -18
14 94 -4
14 99 -92
15 16 81
15 17 -70
15 19 81
15 20 3
15 21 -21
15 24 -62
15 27 36
15 28 7
15 29 -18
15 30 100
15 31 -43
15 32 -14
15 33 89
15 34 -42
15 35 -99
15 37 -12
15 38 -72
15 39 -1
15 40 -60
15 41 92
15 42 -8
15 43 39
15 44 26
15 45 16
15 47 78
15 50 94
15 52 72
15 54 54
15 57 -78
15 58 -50
15 59 77
15 60 37
15 61 84
15 63 66
15 64 -36
15 65 -48
15 66 -14
15 67 46
15 68 88
15 69 -76
15 70 97
15 71 -80
15 72 97
15 73 16
15 74 15
15 75 -46
15 77 88
15 79 93
15 80 82
15 82 17
15 83 9
15 84 97
15 88 84
15 89 56
15 92 -66
15 93 -16
15 95 -52
15 96 60
15 97 -45
15 98 -46
15 99 50
16 17 -10
16 18 -76
16 20 63
16 21 28
16 22 -52
16 23 59
16 26 -100
16 28 96
16 29 7
16 32 -11
16 34 58
16 36 -99
16 37 65
16 38 -68
16 40 -95
16 41 -55
16 42 -99
16 43 -53
16 44 32
16 45 27
16 46 72
16 49 -95
16 50 12
16 51 -25
16 52 19
16 53 100
16 54 96
16 55 -8
16 56 88
16 59 -96
16 62 -29
16 63 -91
16 64 -32
16 65 56
16 66 -66
16 67 -59
16 69 30
16 71 79
16 72 -30
16 73 -4
16 74 -46
16 75 69
16 76 -7
16 77 -91
16 79 74
16 80 30
16 84 72
16 85 26
16 86 44
16 87 -16
16 89 88
16 90 38
16 91 -22
16 92 -17
16 95 63
16 96 51
16 97 -13
16 98 76
16 99 25
17 19 -47
17 20 -81
17 22 -83
17 23 -88
17 24 -4
17 25 -8
17 26 -90
17 27 -66
17 29 45
17 30 22
17 31 54
17 32 2
17 37 40
17 38 -74
17 39 -60
17 41 -15
17 42 18
17 43 92
17 44 -41
17 45 78
17 46 38
17 48 28
17 50 -36
17 51 -70
17 52 73
17 55 -79
17 56 -1
17 57 12
17 58 24
17 60 59
17 62 -67
17 63 -20
17 64 -88
17 65 14
17 66 -48
17 68 -26
17 70 87
17 71 -13
17 72 -99
17 73 -4
17 74 -14
17 75 -25
17 77 25
17 78 -70
17 79 -68
17 80 9
17 81 -62
17 82 22
17 83 64
17 84 -75
17 87 25
17 88 42
17 89 17
17 91 60
17 93 -100
17 94 -45
17 95 73
17 97 -64
17 98 64
17 99 -99
18 19 78
18 21 19
18 22 47
18 25 -54
18 27 24
18 29 81
18 31 7
18 33 -87
18 35 17
18 36 -99
18 37 86
18 38 -95
18 40 -86
18 41 69
18 42 -56
18 43 -8
18 44 -79
18 45 -19
18 46 -47
18 47 -51
18 48 33
18 49 -38
18 51 -39
18 52 -34
18 53 90
18 54 -80
18 55 16
18 57 -81
18 58 15
18 59 91
18 61 -13
18 62 -46
18 63 -54
18 64 22
18 67 17
18 69 -28
18 71 -42
18 72 80
18 74 -88
18 75 54
18 77 75
18 80 36
18 82 67
18 83 84
18 84 -11
18 85 2
18 89 59
18 91 70
18 94 -44
18 95 -59
18 96 -35
18 98 40
19 20 8
19 21 86
19 23 -8
19 24 77
19 25 27
19 27 -76
19 29 6
19 30 -35
19 33 -73
19 34 29
19 35 -55
19 36 22
19 39 19
19 40 42
19 42 34
19 43 -51
19 44 41
19 45 60
19 46 -9
19 48 26
19 49 5
19 50 -91
19 51 -8
19 52 -25
19 53 54
19 54 47
19 55 41
19 56 -15
19 57 -44
19 58 5
19 61 22
19 63 -2
19 64 -38
19 65 94
19 66 83
19 68 -50
19 69 -74
19 70 -100
19 72 53
19 73 98
19 75 93
19 76 -35
19 78 -78
19 80 -90
19 81 -58
19 82 -86
19 84 -27
19 85 -93
19 86 -14
19 87 34
19 89 72
19 92 45
19 93 -92
19 94 74
19 95 -51
19 96 88
19 97 -83
19 99 -6
20 23 99
20 24 -71
20 25 28
20 26 2
20 28 -100
20 29 63
20 33 -11
20 34 24
20 35 -7
20 37 68
20 39 87
20 40 80
20 43 18
20 44 96
20 45 47
20 46 13
20 49 17
20 50 55
20 51 19
20 55 -72
20 57 92
20 59 4
20 62 -96
20 64 -80
20 65 -82
20 66 -23
20 67 0
20 68 -87
20 69 6
20 70 69
20 73 -47
20 76 -28
20 77 -7
20 80 -53
20 81 -96
20 83 55
20 84 46
20 85 -32
20 86 27
20 87 77
20 88 60
20 89 44
20 91 95
20 92 46
20 93 38
20 94 91
20 95 -37
21 22 86
21 23 97
21 24 -52
21 25 0
21 27 99
21 29 -76
21 31 73
21 32 -82
21 33 78
21 35 84
21 36 -71
21 38 76
21 39 23
21 40 -38
21 42 -45
21 43 28
21 45 -91
21 46 -43
21 47 -11
21 48 30
21 49 -87
21 50 66
21 52 -30
21 53 -71
21 56 95
21 59 54
21 60 -20
21 61 44
21 63 -67
21 64 -64
21 65 60
21 66 48
21 67 -29
21 68 95
21 69 -1
21 70 45
21 71 -80
21 72 16
21 73 -51
21 75 -74
21 76 -44
21 77 32
21 78 -32
21 79 50
21 80 -52
21 83 13
21 84 7
21 86 -30
21 87 -45
21 88 -77
21 89 -13
21 90 9
21 91 -87
21 92 66
21 99 -62
22 23 60
22 24 56
22 25 -10
22 27 21
22 29 -54
22 30 70
22 31 -74
22 34 39
22 35 59
22 36 -57
22 37 -80
22 39 8
22 40 28
22 42 33
22 43 24
22 45 -76
22 46 90
22 47 61
22 49 -73
22 50 -21
22 53 6
22 56 81
22 57 0
22 59 -25
22 61 -30
22 62 7
22 63 4
22 65 42
22 66 68
22 67 -92
22 68 3
22 69 -48
22 71 39
22 72 -48
22 74 -18
22 75 -39
22 76 89
22 78 41
22 79 45
22 80 32
22 82 -81
22 83 -80
22 84 -63
22 85 57
22 86 -75
22 87 -95
22 88 67
22 90 56
22 91 -39
22 92 41
22 93 2
22 94 8
22 95 -63
22 96 22
22 97 23
22 98 -22
22 99 38
23 24 -12
23 25 37
23 26 76
23 27 13
23 29 86
23 30 78
23 31 -73
23 32 70
23 35 73
23 36 38
23 37 80
23 38 -35
23 41 -37
23 43 40
23 45 -6
23 46 90
23 48 20
23 49 -98
23 50 63
23 51 -48
23 52 8
23 53 -16
23 55 6
23 56 96
23 57 -85
23 59 96
23 60 27
23 61 59
23 62 -49
23 63 3
23 64 24
23 65 38
23 66 -23
23 68 29
23 69 -82
23 71 -85
23 72 65
23 73 -92
23 74 -22
23 77 56
23 78 -98
23 79 -78
23 82 45
23 83 -94
23 84 -51
23 86 -11
23 87 -22
23 88 -16
23 89 -14
23 90 -25
23 91 -11
23 92 -98
23 93 16
23 95 -90
23 97 -100
23 98 -22
23 99 35
24 25 -98
24 27 33
24 28 96
24 29 -65
24 30 60
24 31 -13
24 32 88
24 33 9
24 35 -60
24 37 68
24 39 -70
24 40 77
24 42 -9
24 43 78
24 44 -2
24 45 -7
24 46 -87
24 47 71
24 50 -56
24 51 60
24 52 -55
24 53 -49
24 55 -73
24 56 -38
24 57 33
24 58 74
24 59 -34
24 60 -51
24 61 -35
24 62 -84
24 63 -60
24 64 48
24 65 56
24 66 -64
24 67 93
24 69 -89
24 70 -76
24 71 -68
24 72 56
24 73 56
24 74 -54
24 76 51
24 77 10
24 78 -96
24 79 -70
24 82 -99
24 87 14
24 88 -26
24 89 60
24 90 92
24 92 81
24 93 -94
24 94 32
24 95 84
24 96 -81
24 97 -56
25 28 79
25 30 49
25 32 -74
25 33 49
25 35 -16
25 36 68
25 37 -58
25 38 -12
25 40 56
25 41 96
25 44 -40
25 45 98
25 46 -10
25 48 -95
25 49 66
25 51 -19
25 52 -54
25 55 53
25 56 50
25 57 -80
25 58 2
25 60 34
25 62 57
25 63 -72
25 64 -46
25 65 39
25 66 7
25 67 32
25 68 100
25 69 -14
25 70 45
25 71 -21
25 74 -39
25 75 33
25 76 38
25 79 77
25 81 -29
25 83 -57
25 84 12
25 85 -31
25 87 66
25 88 83
25 89 7
25 90 -11
25 91 63
25 92 16
25 93 -93
25 94 -6
25 95 31
25 96 -78
25 98 -57
25 99 -63
26 27 80
26 29 -5
26 30 -56
26 31 -89
26 32 48
26 33 85
26 34 42
26 35 -13
26 36 -72
26 37 94
26 38 -100
26 39 -9
26 40 32
26 41 -53
26 42 -39
26 44 -61
26 45 -30
26 47 -90
26 48 -47
26 49 -5
26 50 88
26 51 -50
26 52 -98
26 53 -63
26 54 61
26 55 30
26 57 89
26 58 -12
26 59 -41
26 60 -3
26 61 -8
26 62 -35
26 64 88
26 65 55
26 66 64
26 67 -41
26 68 -15
26 69 -50
26 70 -9
26 71 72
26 72 -64
26 76 66
26 77 -58
26 78 76
26 79 -19
26 81 43
26 82 -84
26 84 -13
26 87 21
26 88 49
26 91 -56
26 92 47
26 93 7
26 94 46
26 96 54
26 98 92
26 99 -7
27 28 13
27 30 27
27 31 56
27 32 89
27 34 -18
27 35 44
27 36 -11
27 37 61
27 38 100
27 39 -90
27 40 -9
27 41 -98
27 42 -88
27 43 -93
27 44 19
27 46 -99
27 47 91
27 48 -85
27 49 96
27 51 86
27 52 -38
27 53 94
27 54 99
27 55 -9
27 56 11
27 57 79
27 58 -60
27 59 85
27 60 14
27 61 -59
27 62 48
27 64 -28
27 65 -89
27 66 10
27 69 54
27 70 8
27 73 -63
27 74 -38
27 75 57
27 76 -64
27 78 26
27 80 85
27 81 -31
27 82 -8
27 83 -81
27 85 -49
27 86 -92
27 90 -100
27 91 -94
27 93 43
27 96 -66
27 97 -40
27 99 -74
28 29 -28
28 30 -47
28 31 -54
28 34 0
28 35 -75
28 37 61
28 39 28
28 40 -82
28 41 24
28 45 22
28 46 12
28 47 66
28 51 19
28 52 -3
28 53 -1
28 57 10
28 58 88
28 59 95
28 60 -58
28 61 88
28 62 -71
28 64 6
28 65 35
28 66 75
28 67 88
28 68 76
28 69 81
28 70 -44
28 71 16
28 72 30
28 73 98
28 74 -83
28 76 15
28 77 34
28 80 99
28 81 -79
28 82 -86
28 83 58
28 84 -36
28 87 -2
28 88 -62
28 90 91
28 91 77
28 93 81
28 94 66
28 95 39
28 96 -28
28 97 -11
28 99 45
29 30 -37
29 32 -96
29 33 87
29 35 37
29 38 83
29 39 54
29 40 96
29 41 -44
29 42 69
29 43 -35
29 44 -3
29 45 -38
29 46 97
29 47 -41
29 48 54
29 49 -96
29 50 -90
29 53 -66
29 54 97
29 55 42
29 56 -79
29 59 -12
29 62 8
29 65 93
29 68 -29
29 70 -44
29 71 -71
29 73 22
29 74 -95
29 75 -47
29 77 -39
29 78 18
29 79 39
29 80 -100
29 81 -7
29 82 94
29 83 36
29 84 13
29 85 73
29 86 -48
29 87 -3
29 88 22
29 89 -54
29 90 -43
29 91 -2
29 92 -32
29 93 1
29 96 -13
29 97 -28
29 98 -15
30 31 -63
30 33 -7
30 35 -81
30 37 12
30 38 3
30 40 2
30 42 30
30 43 79
30 44 -40
30 47 17
30 49 -45
30 50 56
30 51 34
30 53 -2
30 54 78
30 55 49
30 56 -7
30 58 -60
30 59 -95
30 60 4
30 62 4
30 65 17
30 66 -95
30 67 69
30 68 -31
30 69 48
30 70 46
30 73 22
30 74 15
30 76 64
30 78 -97
30 80 5
30 81 19
30 82 18
30 85 51
30 90 -71
30 92 -55
30 93 -34
30 94 58
30 95 -73
30 96 -26
30 97 -69
30 99 53
31 32 26
31 33 45
31 34 99
31 35 -73
31 36 62
31 38 75
31 42 -71
31 43 68
31 44 -10
31 46 54
31 47 6
31 48 21
31 51 -22
31 53 20
31 54 -5
31 58 -36
31 59 95
31 61 4
31 62 60
31 63 -66
31 64 -10
31 65 -59
31 66 -64
31 67 1
31 68 -13
31 69 44
31 70 -39
31 72 -70
31 73 76
31 74 90
31 75 41
31 76 -28
31 77 -81
31 78 -89
31 79 52
31 81 -21
31 82 -12
31 84 21
31 85 22
31 86 -100
31 87 -29
31 89 8
31 90 -43
31 91 -96
31 93 -62
31 94 -47
31 95 -56
31 96 90
31 98 -29
32 33 87
32 34 -71
32 36 69
32 39 10
32 41 -4
32 43 -51
32 44 96
32 45 95
32 46 -59
32 47 -78
32 48 8
32 49 60
32 50 -77
32 51 21
32 52 -35
32 53 -11
32 54 -37
32 55 20
32 56 21
32 57 75
32 58 62
32 59 -76
32 60 91
32 61 95
32 64 54
32 65 -23
32 66 -15
32 68 -18
32 70 -82
32 72 84
32 73 100
32 75 87
32 76 -52
32 77 20
32 79 -69
32 80 24
32 81 -25
32 82 -25
32 83 79
32 85 -96
32 86 53
32 87 57
32 88 31
32 89 98
32 90 -70
32 91 39
32 95 91
32 96 -84
32 97 43
32 98 -12
32 99 56
33 34 75
33 35 -45
33 36 -41
33 38 42
33 41 -24
33 45 23
33 46 -59
33 48 -89
33 49 -8
33 51 -62
33 52 -91
33 54 -28
33 55 8
33 57 91
33 59 7
33 60 -54
33 61 -69
33 62 -92
33 63 16
33 65 -54
33 66 87
33 67 -14
33 68 -15
33 69 -70
33 70 60
33 71 -84
33 72 76
33 75 35
33 76 78
33 77 -100
33 78 -46
33 79 52
33 80 -8
33 81 -35
33 82 43
33 83 43
33 84 47
33 85 -10
33 86 92
33 88 -20
33 89 -91
33 90 42
33 92 41
33 93 -29
33 94 88
33 98 -44
33 99 34
34 36 -81
34 37 -91
34 38 63
34 39 -11
34 40 41
34 41 -7
34 42 -10
34 43 74
34 44 -77
34 47 -54
34 48 70
34 49 -88
34 50 27
34 51 74
34 52 -9
34 53 -81
34 54 -58
34 55 96
34 56 -33
34 57 -62
34 61 -61
34 62 -22
34 63 -19
34 64 -40
34 65 -73
34 66 22
34 67 -64
34 69 -60
34 71 -52
34 72 -60
34 73 -93
34 75 -68
34 76 -27
34 77 62
34 78 56
34 79 -16
34 80 54
34 81 -78
34 82 -42
34 83 70
34 84 -53
34 86 96
34 88 56
34 89 -9
34 90 -34
34 91 -52
34 92 41
34 93 -80
34 94 -41
34 95 81
34 96 -55
34 97 -44
34 98 37
34 99 -90
35 36 -90
35 38 88
35 40 60
35 41 68
35 42 90
35 43 -76
35 44 -10
35 47 -77
35 48 60
35 52 -94
35 53 -61
35 56 -56
35 57 -81
35 59 -2
35 60 -34
35 61 -32
35 62 -58
35 63 -33
35 64 -69
35 65 -72
35 66 60
35 67 60
35 69 -46
35 71 50
35 72 34
35 73 7
35 76 -65
35 77 73
35 78 97
35 80 75
35 81 27
35 83 57
35 84 -29
35 85 76
35 86 32
35 87 82
35 88 -88
35 89 66
35 90 16
35 91 8
35 92 44
35 93 -44
35 94 -4
35 95 -36
35 96 -31
35 98 20
35 99 -85
36 37 -34
36 38 33
36 39 52
36 40 -24
36 41 48
36 42 -34
36 43 -76
36 45 -47
36 46 58
36 48 87
36 49 16
36 52 -52
36 53 78
36 56 91
36 57 -92
36 58 88
36 59 -42
36 61 37
36 62 -86
36 63 -22
36 64 14
36 65 -21
36 66 68
36 68 44
36 69 -32
36 70 -40
36 73 -21
36 75 41
36 77 -96
36 78 97
36 79 -40
36 80 70
36 81 70
36 82 49
36 83 15
36 84 19
36 85 -40
36 87 -81
36 88 74
36 89 -12
36 91 54
36 93 7
36 95 -35
36 97 17
36 98 42
36 99 91
37 39 5
37 40 93
37 42 -27
37 43 33
37 44 -100
37 46 39
37 50 37
37 51 -61
37 54 78
37 55 50
37 56 -61
37 58 -20
37 60 58
37 61 -90
37 62 -45
37 63 -65
37 64 30
37 66 37
37 67 54
37 68 -50
37 69 9
37 71 91
37 72 -71
37 73 -97
37 76 -47
37 77 19
37 79 -88
37 80 -52
37 83 -84
37 84 34
37 87 25
37 89 58
37 90 74
37 91 -40
37 92 -81
37 94 85
37 96 19
37 99 8
38 39 -26
38 40 -51
38 44 9
38 45 -38
38 47 62
38 48 1
38 49 18
38 50 63
38 51 6
38 52 -9
38 55 68
38 56 -54
38 58 57
38 60 -52
38 61 -96
38 62 -92
38 63 -63
38 65 -13
38 66 84
38 67 -89
38 68 61
38 69 -92
38 70 -23
38 71 -87
38 72 -60
38 73 -20
38 74 -3
38 75 72
38 77 65
38 78 -71
38 79 -27
38 81 -17
38 83 40
38 84 14
38 86 -45
38 87 -18
38 88 -31
38 89 -99
38 90 66
38 91 -5
38 92 -56
38 94 -66
38 96 53
38 97 -27
38 99 -96
39 40 -71
39 41 -61
39 42 -16
39 43 31
39 45 -4
39 47 -37
39 49 47
39 50 99
39 52 -46
39 53 50
39 54 98
39 55 79
39 56 79
39 57 -8
39 58 70
39 59 57
39 61 14
39 65 79
39 68 91
39 69 -11
39 73 0
39 74 34
39 78 53
39 79 -81
39 81 -15
39 82 16
39 83 67
39 84 7
39 85 13
39 86 75
39 87 -88
39 88 -5
39 92 44
39 93 -94
39 94 64
39 95 -70
39 96 37
39 98 63
40 41 -49
40 42 -56
40 43 11
40 44 18
40 45 -9
40 46 62
40 48 -25
40 49 91
40 50 -77
40 52 46
40 53 47
40 56 75
40 58 53
40 59 53
40 60 61
40 61 21
40 63 40
40 64 17
40 65 2
40 66 21
40 67 -31
40 68 70
40 69 56
40 70 -44
40 71 -19
40 72 39
40 74 -61
40 75 -81
40 77 -53
40 82 28
40 85 27
40 87 9
40 88 -58
40 89 -59
40 90 95
40 91 -5
40 93 38
40 95 -83
40 96 -99
40 97 -91
40 98 75
40 99 18
41 42 -11
41 45 55
41 47 23
41 49 79
41 52 -26
41 54 27
41 55 14
41 56 -47
41 57 -9
41 58 12
41 59 -17
41 60 70
41 61 -61
41 62 -29
41 63 11
41 65 82
41 66 -15
41 68 -72
41 69 -51
41 70 26
41 71 -34
41 72 41
41 74 -31
41 77 46
41 78 59
41 79 38
41 80 -31
41 81 85
41 83 -24
41 84 52
41 85 50
41 87 -40
41 89 -83
41 91 58
41 92 17
41 93 9
41 94 -56
41 95 -58
41 96 -5
41 97 76
41 98 58
41 99 27
42 43 -8
42 45 -13
42 47 29
42 50 -38
42 51 83
42 54 -23
42 56 -2
42 57 6
42 58 -72
42 59 -34
42 61 -69
42 62 47
42 63 -16
42 64 -94
42 66 44
42 67 35
42 69 -93
42 70 92
42 71 57
42 72 -38
42 73 -64
42 75 -58
42 77 46
42 78 85
42 79 -52
42 80 -57
42 83 -29
42 85 -84
42 86 50
42 87 60
42 89 68
42 91 -44
42 93 -2
42 94 -88
42 95 95
42 96 39
42 98 93
43 44 28
43 48 -75
43 49 16
43 50 30
43 53 83
43 54 74
43 56 -49
43 57 58
43 59 16
43 62 -71
43 63 -100
43 64 100
43 65 -58
43 67 -63
43 70 -81
43 71 -51
43 72 -93
43 74 -18
43 75 23
43 76 -24
43 80 23
43 81 -43
43 82 -61
43 83 94
43 85 -68
43 87 -92
43 88 -42
43 89 -43
43 90 21
43 91 38
43 92 -90
43 93 77
43 95 -8
43 96 80
43 98 65
43 99 -94
44 45 35
44 46 -40
44 50 -18
44 52 -35
44 53 -91
44 54 -88
44 56 75
44 57 -8
44 58 -23
44 60 0
44 62 -100
44 63 -46
44 65 -9
44 66 93
44 67 -28
44 69 23
44 70 -69
44 71 1
44 73 -37
44 74 2
44 75 8
44 76 44
44 78 -67
44 80 79
44 83 -12
44 84 88
44 87 -95
44 88 -81
44 89 31
44 93 50
44 94 -38
44 97 62
44 98 -85
44 99 79
45 47 -89
45 48 -58
45 49 -88
45 50 61
45 56 8
45 57 -52
45 58 -87
45 59 28
45 61 73
45 62 -62
45 63 -90
45 64 11
45 65 42
45 67 -60
45 68 51
45 69 -83
45 70 32
45 71 -37
45 73 -48
45 74 -90
45 75 59
45 77 1
45 78 -5
45 79 -3
45 80 82
45 81 65
45 82 18
45 83 -7
45 84 52
45 86 77
45 88 -66
45 89 67
45 90 34
45 91 6
45 92 -72
45 94 -30
45 95 72
45 96 -47
45 98 -94
45 99 -41
46 47 -4
46 49 -20
46 54 77
46 55 3
46 56 59
46 58 34
46 61 -76
46 62 90
46 63 33
46 64 74
46 65 -42
46 66 -59
46 67 -77
46 70 -88
46 71 4
46 72 -36
46 73 -83
46 74 0
46 79 -56
46 80 -60
46 82 42
46 83 -94
46 85 -22
46 86 37
46 87 -81
46 89 -66
46 90 -83
46 91 -17
46 92 -42
46 93 79
46 95 -84
46 96 -99
46 98 -57
46 99 78
47 48 -54
47 49 -51
47 50 75
47 51 -83
47 52 16
47 53 87
47 54 66
47 55 -77
47 56 -76
47 57 56
47 59 -31
47 61 36
47 62 -91
47 64 -74
47 65 73
47 66 -45
47 67 18
47 69 -69
47 72 43
47 73 -5
47 74 95
47 76 -49
47 78 63
47 79 31
47 80 98
47 81 -97
47 83 30
47 84 50
47 85 63
47 86 93
47 87 25
47 88 85
47 89 37
47 90 -27
47 91 -27
47 94 93
47 95 -39
47 96 9
47 97 34
47 98 -94
47 99 -29
48 49 -93
48 50 100
48 51 -97
48 52 25
48 53 -74
48 55 74
48 56 -9
48 57 -33
48 59 74
48 60 96
48 62 -19
48 63 -54
48 65 -72
48 66 17
48 67 -30
48 70 -20
48 71 41
48 72 93
48 73 -46
48 75 52
48 76 -46
48 78 33
48 79 21
48 80 -22
48 81 -66
48 84 16
48 86 50
48 88 78
48 89 57
48 91 -3
48 92 -87
48 93 -43
48 95 -45
48 96 5
48 97 93
48 98 -4
48 99 63
49 53 7
49 54 13
49 56 -29
49 57 80
49 59 37
49 60 79
49 62 29
49 65 -73
49 66 -3
49 69 64
49 70 -90
49 71 9
49 72 -56
49 73 -74
49 74 80
49 75 -77
49 76 34
49 77 -81
49 79 -52
49 81 52
49 82 14
49 83 10
49 85 96
49 86 35
49 87 91
49 90 -5
49 92 -83
49 93 -58
49 95 3
49 96 53
49 97 86
49 98 -6
50 51 -63
50 52 -51
50 53 22
50 54 30
50 55 26
50 56 -75
50 58 100
50 59 65
50 60 64
50 63 39
50 64 -74
50 67 -37
50 68 -98
50 70 19
50 71 -68
50 72 1
50 73 -43
50 74 71
50 77 -12
50 79 -13
50 80 77
50 81 29
50 82 -14
50 83 -70
50 86 -61
50 87 -93
50 88 99
50 89 36
50 91 26
50 92 -92
50 93 91
50 95 83
50 96 51
50 99 -33
51 53 -9
51 54 -80
51 57 43
51 58 -50
51 59 90
51 60 67
51 62 -17
51 63 -45
51 64 72
51 65 -67
51 67 -10
51 68 88
51 69 82
51 73 -90
51 79 41
51 80 -87
51 81 76
51 83 -15
51 85 -75
51 86 -40
51 87 61
51 89 -30
51 91 79
51 92 70
51 95 47
51 96 63
51 97 -53
51 98 -64
51 99 -66
52 53 -81
52 55 -3
52 58 12
52 59 10
52 60 39
52 61 -96
52 62 -32
52 63 -87
52 64 -29
52 65 -90
52 68 -83
52 69 -16
52 70 56
52 71 72
52 72 57
52 74 -79
52 75 -9
52 76 18
52 77 36
52 82 88
52 84 -12
52 85 -68
52 86 -53
52 90 -19
52 91 0
52 92 -18
52 94 45
52 96 77
52 97 90
52 98 22
52 99 30
53 56 34
53 57 -86
53 58 62
53 60 -77
53 62 8
53 63 94
53 65 -38
53 67 -34
53 68 17
53 69 77
53 70 -20
53 71 -17
53 72 -89
53 74 -87
53 75 -20
53 76 94
53 77 -64
53 78 -36
53 80 68
53 81 0
53 82 74
53 83 79
53 84 19
53 85 74
53 86 81
53 87 -51
53 88 -12
53 89 -94
53 91 -47
53 92 -31
53 95 95
53 96 -27
53 97 64
53 98 74
53 99 -71
54 56 61
54 57 0
54 60 97
54 62 -32
54 65 -52
54 68 -54
54 69 -76
54 70 95
54 71 79
54 72 10
54 74 10
54 76 88
54 78 -82
54 79 -97
54 80 -36
54 81 59
54 82 67
54 84 -43
54 85 71
54 86 20
54 87 52
54 88 88
54 89 72
54 90 -66
54 92 90
54 93 -76
54 94 88
54 95 -100
54 96 -83
54 98 -95
55 58 39
55 60 21
55 61 63
55 62 47
55 64 46
55 65 98
55 66 -97
55 68 -17
55 69 99
55 70 20
55 71 -75
55 72 -36
55 73 -80
55 74 -13
55 77 7
55 78 -37
55 79 82
55 80 80
55 81 -50
55 82 65
55 83 -32
55 86 72
55 87 60
55 88 81
55 89 -46
55 90 25
55 92 -96
55 94 -50
55 95 74
55 97 85
55 98 81
55 99 42
56 57 -93
56 58 -85
56 59 40
56 62 95
56 64 -93
56 65 24
56 66 66
56 67 -51
56 69 -74
56 72 16
56 73 44
56 76 -72
56 77 -60
56 78 -5
56 79 -8
56 80 -12
56 81 63
56 83 25
56 84 19
56 86 -19
56 87 -97
56 91 36
56 92 -61
56 93 33
56 94 6
56 96 -18
56 98 -66
56 99 49
57 60 -59
57 63 35
57 64 -98
57 65 71
57 67 -80
57 69 95
57 71 45
57 75 -27
57 76 61
57 77 47
57 79 -24
57 80 7
57 81 39
57 82 -46
57 83 -76
57 85 57
57 86 -96
57 87 -56
57 88 62
57 89 68
57 90 18
57 91 -59
57 93 90
57 94 3
57 96 70
57 97 12
58 61 -74
58 62 25
58 63 35
58 65 11
58 66 66
58 67 29
58 69 56
58 70 -24
58 71 44
58 72 -42
58 73 63
58 74 69
58 75 -40
58 76 -43
58 77 -16
58 78 48
58 80 -44
58 81 -24
58 82 66
58 83 95
58 87 -45
58 88 8
58 89 -73
58 92 56
58 93 24
58 94 -89
58 96 23
58 97 -33
58 98 -94
59 61 -3
59 62 -78
59 64 69
59 65 -45
59 66 0
59 67 8
59 70 0
59 71 76
59 72 -100
59 76 -77
59 77 20
59 80 7
59 81 79
59 82 -64
59 83 -38
59 84 22
59 85 -17
59 86 48
59 88 100
59 89 87
59 90 -65
59 91 -8
59 92 51
59 93 42
59 95 -100
59 97 -64
59 98 -98
59 99 13
60 61 -11
60 65 89
60 66 -31
60 67 -49
60 68 54
60 69 40
60 70 34
60 73 61
60 75 -94
60 77 -60
60 78 56
60 79 -52
60 81 -30
60 82 -52
60 84 -47
60 85 -83
60 86 -17
60 87 17
60 88 26
60 90 -44
60 92 18
60 93 8
60 94 2
60 96 -95
60 97 -56
60 99 -88
61 62 97
61 64 -1
61 65 -98
61 66 -20
61 67 89
61 68 22
61 69 69
61 72 -40
61 73 26
61 74 65
61 75 -96
61 76 -44
61 77 -88
61 78 -29
61 80 -39
61 81 -23
61 82 -62
61 83 89
61 84 -53
61 85 31
61 86 -1
61 87 23
61 88 -28
61 89 -77
61 90 96
61 91 -77
61 92 -68
61 93 -76
61 96 87
61 97 77
61 98 82
61 99 75
62 63 -66
62 64 -94
62 65 51
62 66 69
62 67 -94
62 69 -8
62 70 -26
62 73 -100
62 74 1
62 75 -96
62 76 -72
62 79 36
62 80 83
62 83 -77
62 86 -17
62 88 -99
62 89 48
62 90 -28
62 91 -4
62 93 -17
62 94 33
62 95 23
62 97 -38
62 98 46
62 99 68
63 64 -100
63 65 64
63 66 -30
63 68 32
63 69 -74
63 70 56
63 71 -47
63 72 16
63 74 90
63 75 81
63 76 -31
63 77 100
63 78 -28
63 80 63
63 81 -32
63 82 -97
63 84 -68
63 85 -79
63 86 70
63 87 61
63 89 -59
63 90 -11
63 91 -23
63 92 -33
63 94 90
63 95 95
63 96 65
63 97 -68
63 99 68
64 65 81
64 66 47
64 67 30
64 68 -13
64 69 51
64 71 -99
64 72 -72
64 73 -66
64 74 100
64 77 -66
64 81 -37
64 82 -93
64 83 -33
64 85 -37
64 86 11
64 87 12
64 89 -27
64 90 17
64 91 4
64 92 23
64 93 -63
64 94 6
64 96 -73
64 97 79
64 98 61
64 99 92
65 66 10
65 67 3
65 68 33
65 69 -73
65 71 -74
65 72 57
65 76 -16
65 77 14
65 79 100
65 80 73
65 82 33
65 85 -41
65 87 71
65 88 86
65 89 -29
65 91 96
65 92 41
65 93 -81
65 94 -85
65 95 -47
65 96 68
65 97 35
65 98 -51
66 67 -56
66 69 28
66 70 27
66 71 -77
66 72 14
66 73 -53
66 74 31
66 75 64
66 76 27
66 78 -46
66 79 -72
66 80 -71
66 82 72
66 83 -63
66 84 65
66 86 91
66 87 37
66 88 -88
66 89 -51
66 91 9
66 92 24
66 93 15
66 95 -67
66 96 0
66 97 -54
66 98 79
67 71 26
67 72 -72
67 73 67
67 74 59
67 75 -80
67 77 -30
67 79 68
67 80 -79
67 81 25
67 83 4
67 85 7
67 86 99
67 87 31
67 88 66
67 94 -97
67 96 80
67 97 -59
68 69 83
68 70 38
68 71 70
68 72 -68
68 73 -98
68 75 -33
68 76 15
68 77 77
68 78 69
68 79 15
68 80 21
68 81 -56
68 82 -48
68 85 67
68 88 -8
68 89 10
68 90 -65
68 95 25
68 97 -30
68 98 27
68 99 84
69 71 92
69 72 65
69 73 -87
69 74 -54
69 77 -24
69 78 6
69 79 -73
69 80 -5
69 81 93
69 82 -81
69 83 -44
69 84 -43
69 85 -2
69 86 -62
69 87 62
69 88 -85
69 90 73
69 94 -79
69 95 -42
69 96 -54
69 97 -41
69 98 20
70 71 -22
70 72 97
70 73 22
70 74 50
70 75 -46
70 76 -94
70 77 60
70 78 62
70 79 -23
70 80 70
70 81 -70
70 82 20
70 83 -6
70 84 34
70 85 -65
70 86 -73
70 87 11
70 88 34
70 89 90
70 91 -29
70 93 90
70 97 80
70 98 40
70 99 -84
71 72 -94
71 73 34
71 75 56
71 77 -38
71 78 55
71 80 100
71 81 -40
71 82 -68
71 84 -20
71 85 98
71 86 -75
71 89 34
71 92 68
71 94 -71
71 96 20
71 97 -22
71 99 -84
72 73 -37
72 74 -12
72 77 9
72 78 67
72 84 -85
72 86 -70
72 87 -37
72 88 44
72 89 51
72 90 67
72 91 87
72 92 -65
72 93 -92
72 95 36
72 96 -51
72 97 -50
72 99 17
73 74 41
73 76 -18
73 77 7
73 79 89
73 80 94
73 81 98
73 83 15
73 85 91
73 86 -12
73 87 -21
73 89 0
73 90 14
73 91 84
73 92 71
73 93 9
73 94 31
73 95 66
73 97 78
73 99 4
74 76 92
74 78 100
74 79 23
74 80 -87
74 81 -86
74 82 -3
74 83 -47
74 86 -41
74 87 26
74 88 -33
74 90 -16
74 91 -86
74 92 61
74 93 -76
74 94 62
74 95 43
74 96 45
74 98 -77
74 99 71
75 76 -58
75 77 48
75 79 10
75 81 -62
75 83 47
75 84 97
75 85 29
75 86 63
75 87 51
75 89 -25
75 90 92
75 91 -100
75 92 -69
75 93 -75
75 95 -52
75 96 53
75 97 27
75 99 88
76 80 99
76 81 -49
76 82 57
76 83 63
76 84 45
76 85 53
76 86 -92
76 87 10
76 89 66
76 93 -98
76 94 -53
76 95 61
76 97 -33
76 98 93
76 99 -51
77 78 90
77 79 25
77 81 -84
77 83 -68
77 84 -68
77 85 -38
77 86 -16
77 87 -95
77 90 33
77 92 -48
77 93 -36
77 97 67
77 99 31
78 80 68
78 81 72
78 82 28
78 83 35
78 84 -63
78 85 77
78 86 78
78 87 75
78 91 -10
78 92 15
78 93 9
78 95 -75
78 96 28
78 98 23
78 99 -95
79 80 30
79 82 1
79 86 -8
79 88 -64
79 89 -67
79 90 -99
79 92 -12
79 93 -67
79 95 -87
79 96 22
79 97 21
79 98 -63
80 81 94
80 82 82
80 83 20
80 84 19
80 86 51
80 87 37
80 88 94
80 90 98
80 92 21
80 95 -58
80 96 -52
80 97 71
80 98 -75
80 99 86
81 82 63
81 83 -29
81 84 -35
81 85 -28
81 87 -92
81 88 -44
81 89 -100
81 90 -48
81 91 83
81 92 -62
81 93 31
81 95 -9
81 96 -23
81 99 60
82 84 -14
82 85 -28
82 87 45
82 88 16
82 90 76
82 91 58
82 92 -53
82 94 62
82 95 83
82 98 -3
82 99 -62
83 86 -65
83 87 47
83 88 87
83 93 -6
83 94 24
83 96 -67
83 97 -87
83 98 71
83 99 44
84 85 57
84 86 88
84 87 38
84 89 27
84 90 -64
84 92 22
84 94 58
84 96 -51
84 97 45
84 98 -5
84 99 -2
85 87 -66
85 88 42
85 91 -18
85 92 67
85 93 59
85 94 26
85 95 11
85 97 80
85 98 53
85 99 -69
86 87 -31
86 88 8
86 89 -97
86 92 93
86 93 -32
86 94 -49
86 96 4
86 97 56
86 99 13
87 88 7
87 89 -60
87 90 12
87 94 -92
87 96 -22
87 97 -19
87 98 62
88 89 15
88 90 -46
88 91 21
88 92 -83
88 96 96
88 98 89
88 99 -6
89 90 -32
89 91 -35
89 93 60
89 95 -99
89 98 -38
89 99 87
90 91 34
90 92 -63
90 93 78
90 96 94
90 97 -98
90 99 -44
91 92 72
91 93 -60
91 95 -40
91 96 -27
91 97 -7
91 98 -21
91 99 61
92 93 -14
92 94 57
92 95 74
92 97 93
92 98 -87
92 99 93
93 94 21
93 98 43
94 97 53
94 99 26
95 96 27
95 98 86
95 99 -42
96 97 62
96 98 -33
97 98 -51
98 99 -70
